1261229981.5950
1261229981.6200
1261229981.6450
1261229981.6700
1261229981.6950
1261229981.7200
1261229981.7450
1261229981.7700
1261229981.7950
1261229981.8200
1261229981.8450
1261229981.8700
1261229981.8950
1261229981.9200
1261229981.9450
1261229981.9700
1261229981.9950
1261229982.0200
1261229982.0450
1261229982.0700
1261229982.0950
1261229982.1200
1261229982.1450
1261229982.1700
1261229982.1949
1261229982.2199
1261229982.2449
1261229982.2699
1261229982.2949
1261229982.3199
1261229982.3449
1261229982.3699
1261229982.3949
1261229982.4199
1261229982.4449
1261229982.4699
1261229982.4949
1261229982.5199
1261229982.5449
1261229982.5699
1261229982.5949
1261229982.6199
1261229982.6449
1261229982.6699
1261229982.6949
1261229982.7199
1261229982.7449
1261229982.7699
1261229982.7949
1261229982.8199
1261229982.8449
1261229982.8699
1261229982.8949
1261229982.9199
1261229982.9449
1261229982.9699
1261229982.9949
1261229983.0199
1261229983.0449
1261229983.0699
1261229983.0949
1261229983.1199
1261229983.1449
1261229983.1699
1261229983.1949
1261229983.2209
1261229983.2449
1261229983.2709
1261229983.2959
1261229983.3199
1261229983.3459
1261229983.3708
1261229983.3958
1261229983.4198
1261229983.4458
1261229983.4708
1261229983.4958
1261229983.5208
1261229983.5458
1261229983.5708
1261229983.5958
1261229983.6208
1261229983.6458
1261229983.6708
1261229983.6958
1261229983.7208
1261229983.7458
1261229983.7708
1261229983.7958
1261229983.8208
1261229983.8458
1261229983.8708
1261229983.8958
1261229983.9208
1261229983.9458
1261229983.9708
1261229983.9958
1261229984.0208
1261229984.0458
1261229984.0708
1261229984.0958
1261229984.1208
1261229984.1458
1261229984.1708
1261229984.1958
1261229984.2208
1261229984.2458
1261229984.2708
1261229984.2958
1261229984.3208
1261229984.3458
1261229984.3708
1261229984.3958
1261229984.4208
1261229984.4458
1261229984.4708
1261229984.4958
1261229984.5208
1261229984.5458
1261229984.5707
1261229984.5957
1261229984.6207
1261229984.6457
1261229984.6957
1261229984.7207
1261229984.7457
1261229984.7707
1261229984.7957
1261229984.8207
1261229984.8457
1261229984.8707
1261229984.8957
1261229984.9207
1261229984.9457
1261229984.9707
1261229984.9957
1261229985.0207
1261229985.0457
1261229985.0707
1261229985.0957
1261229985.1207
1261229985.1457
1261229985.1707
1261229985.1957
1261229985.2207
1261229985.2457
1261229985.2707
1261229985.2957
1261229985.3207
1261229985.3457
1261229985.3707
1261229985.3957
1261229985.4207
1261229985.4457
1261229985.4707
1261229985.4957
1261229985.5207
1261229985.5457
1261229985.5707
1261229985.5957
1261229985.6207
1261229985.6457
1261229985.6707
1261229985.6957
1261229985.7207
1261229985.7457
1261229985.7706
1261229985.7956
1261229985.8206
1261229985.8456
1261229985.8706
1261229985.8956
1261229985.9206
1261229985.9456
1261229985.9706
1261229985.9956
1261229986.0206
1261229986.0456
1261229986.0706
1261229986.0956
1261229986.1206
1261229986.1456
1261229986.1706
1261229986.1956
1261229986.2206
1261229986.2456
1261229986.2706
1261229986.2956
1261229986.3206
1261229986.3466
1261229986.3716
1261229986.3966
1261229986.4216
1261229986.4466
1261229986.4716
1261229986.4956
1261229986.5216
1261229986.5466
1261229986.5716
1261229986.5966
1261229986.6216
1261229986.6466
1261229986.6716
1261229986.6966
1261229986.7216
1261229986.7466
1261229986.7716
1261229986.7966
1261229986.8216
1261229986.8466
1261229986.8716
1261229986.8966
1261229986.9216
1261229986.9466
1261229986.9715
1261229986.9965
1261229987.0215
1261229987.0465
1261229987.0715
1261229987.0965
1261229987.1215
1261229987.1465
1261229987.1715
1261229987.1965
1261229987.2215
1261229987.2465
1261229987.2715
1261229987.2965
1261229987.3215
1261229987.3465
1261229987.3715
1261229987.3965
1261229987.4215
1261229987.4465
1261229987.4715
1261229987.4965
1261229987.5215
1261229987.5465
1261229987.5715
1261229987.5965
1261229987.6215
1261229987.6465
1261229987.6715
1261229987.6965
1261229987.7215
1261229987.7465
1261229987.7715
1261229987.7965
1261229987.8215
1261229987.8465
1261229987.8715
1261229987.8965
1261229987.9215
1261229987.9465
1261229987.9715
1261229987.9965
1261229988.0215
1261229988.0465
1261229988.0715
1261229988.0965
1261229988.1215
1261229988.1465
1261229988.1714
1261229988.1964
1261229988.2214
1261229988.2464
1261229988.2714
1261229988.2964
1261229988.3214
1261229988.3464
1261229988.3714
1261229988.3964
1261229988.4214
1261229988.4464
1261229988.4714
1261229988.4964
1261229988.5214
1261229988.5464
1261229988.5714
1261229988.5964
1261229988.6214
1261229988.6464
1261229988.6714
1261229988.6964
1261229988.7214
1261229988.7464
1261229988.7714
1261229988.7964
1261229988.8214
1261229988.8464
1261229988.8714
1261229988.8964
1261229988.9214
1261229988.9464
1261229988.9714
1261229988.9964
1261229989.0214
1261229989.0464
1261229989.0714
1261229989.0964
1261229989.1224
1261229989.1464
1261229989.1714
1261229989.1964
1261229989.2224
1261229989.2474
1261229989.2724
1261229989.2974
1261229989.3224
1261229989.3474
1261229989.3723
1261229989.3963
1261229989.4223
1261229989.4473
1261229989.4723
1261229989.4973
1261229989.5473
1261229989.5723
1261229989.5973
1261229989.6223
1261229989.6473
1261229989.6723
1261229989.6973
1261229989.7223
1261229989.7473
1261229989.7723
1261229989.7973
1261229989.8223
1261229989.8473
1261229989.8723
1261229989.8973
1261229989.9223
1261229989.9473
1261229989.9723
1261229989.9973
1261229990.0223
1261229990.0473
1261229990.0723
1261229990.0973
1261229990.1223
1261229990.1473
1261229990.1723
1261229990.1973
1261229990.2223
1261229990.2473
1261229990.2723
1261229990.2973
1261229990.3223
1261229990.3473
1261229990.3723
1261229990.3973
1261229990.4223
1261229990.4473
1261229990.4723
1261229990.4973
1261229990.5223
1261229990.5473
1261229990.5722
1261229990.5972
1261229990.6222
1261229990.6472
1261229990.6722
1261229990.6972
1261229990.7222
1261229990.7472
1261229990.7722
1261229990.7972
1261229990.8222
1261229990.8472
1261229990.8722
1261229990.8972
1261229990.9222
1261229990.9472
1261229990.9722
1261229990.9972
1261229991.0222
1261229991.0472
1261229991.0722
1261229991.0972
1261229991.1222
1261229991.1472
1261229991.1722
1261229991.1972
1261229991.2222
1261229991.2472
1261229991.2722
1261229991.2972
1261229991.3222
1261229991.3472
1261229991.3722
1261229991.3972
1261229991.4222
1261229991.4472
1261229991.4722
1261229991.4972
1261229991.5222
1261229991.5472
1261229991.5722
1261229991.5972
1261229991.6222
1261229991.6472
1261229991.6722
1261229991.6972
1261229991.7222
1261229991.7472
1261229991.7721
1261229991.7971
1261229991.8221
1261229991.8471
1261229991.8721
1261229991.8981
1261229991.9231
1261229991.9481
1261229991.9731
1261229991.9981
1261229992.0231
1261229992.0481
1261229992.0731
1261229992.0981
1261229992.1231
1261229992.1481
1261229992.1731
1261229992.1981
1261229992.2231
1261229992.2481
1261229992.2731
1261229992.2981
1261229992.3231
1261229992.3481
1261229992.3731
1261229992.3981
1261229992.4231
1261229992.4481
1261229992.4731
1261229992.4981
1261229992.5231
1261229992.5481
1261229992.5731
1261229992.5981
1261229992.6231
1261229992.6481
1261229992.6731
1261229992.6981
1261229992.7231
1261229992.7481
1261229992.7731
1261229992.7981
1261229992.8231
1261229992.8481
1261229992.8731
1261229992.8981
1261229992.9231
1261229992.9481
1261229992.9730
1261229992.9980
1261229993.0230
1261229993.0480
1261229993.0730
1261229993.0980
1261229993.1230
1261229993.1480
1261229993.1730
1261229993.1980
1261229993.2230
1261229993.2480
1261229993.2730
1261229993.2980
1261229993.3230
1261229993.3480
1261229993.3730
1261229993.3980
1261229993.4230
1261229993.4480
1261229993.4730
1261229993.4980
1261229993.5230
1261229993.5480
1261229993.5730
1261229993.5980
1261229993.6230
1261229993.6480
1261229993.6730
1261229993.6980
1261229993.7230
1261229993.7480
1261229993.7730
1261229993.7980
1261229993.8230
1261229993.8480
1261229993.8730
1261229993.8980
1261229993.9230
1261229993.9480
1261229993.9730
1261229993.9980
1261229994.0230
1261229994.0480
1261229994.0730
1261229994.0980
1261229994.1230
1261229994.1480
1261229994.1729
1261229994.1979
1261229994.2229
1261229994.2479
1261229994.2729
1261229994.2979
1261229994.3229
1261229994.3479
1261229994.3729
1261229994.3979
1261229994.4229
1261229994.4479
1261229994.4729
1261229994.4979
1261229994.5229
1261229994.5479
1261229994.5729
1261229994.5979
1261229994.6229
1261229994.6479
1261229994.6729
1261229994.6979
1261229994.7229
1261229994.7479
1261229994.7729
1261229994.7979
1261229994.8229
1261229994.8479
1261229994.8729
1261229994.8979
1261229994.9229
1261229994.9479
1261229994.9729
1261229994.9989
1261229995.0239
1261229995.0479
1261229995.0729
1261229995.0989
1261229995.1229
1261229995.1489
1261229995.1739
1261229995.1979
1261229995.2239
1261229995.2489
1261229995.2739
1261229995.2989
1261229995.3239
1261229995.3489
1261229995.3738
1261229995.3988
1261229995.4238
1261229995.4488
1261229995.4738
1261229995.4988
1261229995.5238
1261229995.5488
1261229995.5738
1261229995.5988
1261229995.6238
1261229995.6488
1261229995.6738
1261229995.6988
1261229995.7238
1261229995.7488
1261229995.7738
1261229995.7988
1261229995.8238
1261229995.8488
1261229995.8738
1261229995.8988
1261229995.9238
1261229995.9488
1261229995.9738
1261229995.9988
1261229996.0238
1261229996.0488
1261229996.0738
1261229996.0988
1261229996.1238
1261229996.1488
1261229996.1738
1261229996.1988
1261229996.2238
1261229996.2488
1261229996.2738
1261229996.2988
1261229996.3238
1261229996.3488
1261229996.3738
1261229996.3988
1261229996.4238
1261229996.4488
1261229996.4738
1261229996.4988
1261229996.5238
1261229996.5488
1261229996.5737
1261229996.5987
1261229996.6237
1261229996.6487
1261229996.6737
1261229996.6987
1261229996.7237
1261229996.7487
1261229996.7737
1261229996.7987
1261229996.8237
1261229996.8487
1261229996.8737
1261229996.8987
1261229996.9237
1261229996.9487
1261229996.9737
1261229996.9987
1261229997.0237
1261229997.0487
1261229997.0737
1261229997.0987
1261229997.1237
1261229997.1487
1261229997.1737
1261229997.1987
1261229997.2237
1261229997.2487
1261229997.2737
1261229997.2987
1261229997.3237
1261229997.3487
1261229997.3737
1261229997.3987
1261229997.4237
1261229997.4487
1261229997.4737
1261229997.4987
1261229997.5237
1261229997.5487
1261229997.5737
1261229997.5987
1261229997.6237
1261229997.6487
1261229997.6737
1261229997.6987
1261229997.7237
1261229997.7487
1261229997.7736
1261229997.7986
1261229997.8236
1261229997.8486
1261229997.8736
1261229997.8986
1261229997.9236
1261229997.9486
1261229997.9736
1261229997.9996
1261229998.0236
1261229998.0486
1261229998.0746
1261229998.0986
1261229998.1246
1261229998.1496
1261229998.1736
1261229998.1996
1261229998.2246
1261229998.2486
1261229998.2746
1261229998.2996
1261229998.3246
1261229998.3496
1261229998.3736
1261229998.3996
1261229998.4246
1261229998.4496
1261229998.4746
1261229998.4996
1261229998.5246
1261229998.5496
1261229998.5746
1261229998.5996
1261229998.6246
1261229998.6496
1261229998.6746
1261229998.6996
1261229998.7246
1261229998.7496
1261229998.7746
1261229998.7996
1261229998.8246
1261229998.8496
1261229998.8746
1261229998.8996
1261229998.9246
1261229998.9496
1261229998.9745
1261229998.9995
1261229999.0245
1261229999.0495
1261229999.0745
1261229999.0995
1261229999.1245
1261229999.1495
1261229999.1745
1261229999.1995
1261229999.2245
1261229999.2495
1261229999.2745
1261229999.2995
1261229999.3245
1261229999.3495
1261229999.3745
1261229999.3995
1261229999.4245
1261229999.4495
1261229999.4745
1261229999.4995
1261229999.5245
1261229999.5495
1261229999.5745
1261229999.5995
1261229999.6245
1261229999.6495
1261229999.6745
1261229999.6995
1261229999.7245
1261229999.7495
1261229999.7745
1261229999.7995
1261229999.8245
1261229999.8495
1261229999.8745
1261229999.8995
1261229999.9245
1261229999.9495
1261229999.9745
1261229999.9995
1261230000.0245
1261230000.0495
1261230000.0745
1261230000.0995
1261230000.1245
1261230000.1495
1261230000.1744
1261230000.1994
1261230000.2244
1261230000.2494
1261230000.2744
1261230000.2994
1261230000.3244
1261230000.3494
1261230000.3744
1261230000.3994
1261230000.4244
1261230000.4494
1261230000.4744
1261230000.4994
1261230000.5244
1261230000.5494
1261230000.5744
1261230000.5994
1261230000.6244
1261230000.6494
1261230000.6744
1261230000.6994
1261230000.7244
1261230000.7494
1261230000.7744
1261230000.7994
1261230000.8244
1261230000.8494
1261230000.8744
1261230000.9004
1261230000.9244
1261230000.9504
1261230000.9754
1261230001.0004
1261230001.0254
1261230001.0504
1261230001.0754
1261230001.1004
1261230001.1254
1261230001.1504
1261230001.1754
1261230001.2004
1261230001.2254
1261230001.2504
1261230001.2754
1261230001.3004
1261230001.3254
1261230001.3504
1261230001.3753
1261230001.4003
1261230001.4253
1261230001.4503
1261230001.4753
1261230001.5003
1261230001.5253
1261230001.5503
1261230001.5753
1261230001.6003
1261230001.6253
1261230001.6503
1261230001.6753
1261230001.7003
1261230001.7253
1261230001.7503
1261230001.7753
1261230001.8003
1261230001.8253
1261230001.8503
1261230001.8753
1261230001.9003
1261230001.9253
1261230001.9503
1261230001.9753
1261230002.0003
1261230002.0253
1261230002.0503
1261230002.0753
1261230002.1003
1261230002.1253
1261230002.1503
1261230002.1753
1261230002.2003
1261230002.2253
1261230002.2503
1261230002.2753
1261230002.3003
1261230002.3253
1261230002.3503
1261230002.3753
1261230002.4003
1261230002.4253
1261230002.4503
1261230002.4753
1261230002.5003
1261230002.5253
1261230002.5503
1261230002.5752
1261230002.6002
1261230002.6252
1261230002.6502
1261230002.7002
1261230002.7252
1261230002.7502
1261230002.7752
1261230002.8002
1261230002.8252
1261230002.8502
1261230002.8752
1261230002.9002
1261230002.9252
1261230002.9502
1261230002.9752
1261230003.0002
1261230003.0252
1261230003.0502
1261230003.0752
1261230003.1002
1261230003.1252
1261230003.1502
1261230003.1752
1261230003.2002
1261230003.2252
1261230003.2502
1261230003.2752
1261230003.3002
1261230003.3252
1261230003.3502
1261230003.3752
1261230003.4002
1261230003.4252
1261230003.4502
1261230003.4752
1261230003.5002
1261230003.5252
1261230003.5502
1261230003.5752
1261230003.6002
1261230003.6252
1261230003.6502
1261230003.6752
1261230003.7002
1261230003.7252
1261230003.7502
1261230003.7751
1261230003.8001
1261230003.8251
1261230003.8501
1261230003.8751
1261230003.9001
1261230003.9251
1261230003.9511
1261230003.9761
1261230004.0011
1261230004.0261
1261230004.0511
1261230004.0761
1261230004.1011
1261230004.1261
1261230004.1511
1261230004.1761
1261230004.2001
1261230004.2261
1261230004.2511
1261230004.2761
1261230004.3011
1261230004.3261
1261230004.3511
1261230004.3761
1261230004.4011
1261230004.4261
1261230004.4511
1261230004.4761
1261230004.5011
1261230004.5261
1261230004.5511
1261230004.5761
1261230004.6011
1261230004.6261
1261230004.6511
1261230004.6761
1261230004.7011
1261230004.7261
1261230004.7511
1261230004.7761
1261230004.8011
1261230004.8261
1261230004.8511
1261230004.8761
1261230004.9011
1261230004.9261
1261230004.9511
1261230004.9760
1261230005.0010
1261230005.0260
1261230005.0510
1261230005.0760
1261230005.1010
1261230005.1260
1261230005.1510
1261230005.1760
1261230005.2010
1261230005.2260
1261230005.2510
1261230005.2760
1261230005.3010
1261230005.3260
1261230005.3510
1261230005.3760
1261230005.4010
1261230005.4260
1261230005.4510
1261230005.4760
1261230005.5010
1261230005.5260
1261230005.5510
1261230005.5760
1261230005.6010
1261230005.6260
1261230005.6510
1261230005.6760
1261230005.7010
1261230005.7260
1261230005.7510
1261230005.7760
1261230005.8010
1261230005.8260
1261230005.8510
1261230005.8760
1261230005.9010
1261230005.9260
1261230005.9510
1261230005.9760
1261230006.0010
1261230006.0260
1261230006.0510
1261230006.0760
1261230006.1010
1261230006.1260
1261230006.1510
1261230006.1759
1261230006.2009
1261230006.2259
1261230006.2509
1261230006.2759
1261230006.3009
1261230006.3259
1261230006.3509
1261230006.3759
1261230006.4009
1261230006.4259
1261230006.4509
1261230006.4759
1261230006.5009
1261230006.5259
1261230006.5509
1261230006.5759
1261230006.6009
1261230006.6259
1261230006.6509
1261230006.6759
1261230006.7009
1261230006.7259
1261230006.7509
1261230006.7759
1261230006.8009
1261230006.8259
1261230006.8509
1261230006.8759
1261230006.9009
1261230006.9259
1261230006.9519
1261230006.9759
1261230007.0009
1261230007.0269
1261230007.0519
1261230007.0769
1261230007.1019
1261230007.1269
1261230007.1519
1261230007.1769
1261230007.2019
1261230007.2269
1261230007.2519
1261230007.2769
1261230007.3019
1261230007.3269
1261230007.3519
1261230007.3768
1261230007.4018
1261230007.4268
1261230007.4518
1261230007.4768
1261230007.5018
1261230007.5268
1261230007.5518
1261230007.5768
1261230007.6018
1261230007.6268
1261230007.6518
1261230007.6768
1261230007.7018
1261230007.7268
1261230007.7518
1261230007.7768
1261230007.8018
1261230007.8268
1261230007.8518
1261230007.8768
1261230007.9018
1261230007.9268
1261230007.9518
1261230007.9768
1261230008.0018
1261230008.0268
1261230008.0518
1261230008.0768
1261230008.1018
1261230008.1268
1261230008.1518
1261230008.1768
1261230008.2018
1261230008.2268
1261230008.2518
1261230008.2768
1261230008.3018
1261230008.3268
1261230008.3518
1261230008.3768
1261230008.4018
1261230008.4268
1261230008.4518
1261230008.4768
1261230008.5018
1261230008.5268
1261230008.5518
1261230008.5767
1261230008.6017
1261230008.6267
1261230008.6517
1261230008.6767
1261230008.7017
1261230008.7267
1261230008.7517
1261230008.7767
1261230008.8017
1261230008.8267
1261230008.8517
1261230008.8767
1261230008.9017
1261230008.9267
1261230008.9517
1261230008.9767
1261230009.0017
1261230009.0267
1261230009.0517
1261230009.0767
1261230009.1017
1261230009.1267
1261230009.1517
1261230009.1767
1261230009.2017
1261230009.2267
1261230009.2517
1261230009.2767
1261230009.3017
1261230009.3267
1261230009.3517
1261230009.3767
1261230009.4017
1261230009.4267
1261230009.4517
1261230009.4767
1261230009.5017
1261230009.5267
1261230009.5517
1261230009.5767
1261230009.6017
1261230009.6267
1261230009.6517
1261230009.6767
1261230009.7017
1261230009.7267
1261230009.7517
1261230009.7766
1261230009.8016
1261230009.8276
1261230009.8526
1261230009.8766
1261230009.9016
1261230009.9276
1261230009.9526
1261230009.9776
1261230010.0026
1261230010.0276
1261230010.0526
1261230010.0776
1261230010.1026
1261230010.1276
1261230010.1526
1261230010.1776
1261230010.2026
1261230010.2276
1261230010.2526
1261230010.2776
1261230010.3026
1261230010.3276
1261230010.3526
1261230010.3776
1261230010.4026
1261230010.4276
1261230010.4526
1261230010.4776
1261230010.5026
1261230010.5276
1261230010.5526
1261230010.5776
1261230010.6026
1261230010.6276
1261230010.6526
1261230010.6776
1261230010.7026
1261230010.7276
1261230010.7526
1261230010.7776
1261230010.8026
1261230010.8276
1261230010.8526
1261230010.8776
1261230010.9026
1261230010.9276
1261230010.9526
1261230010.9775
1261230011.0025
1261230011.0275
1261230011.0525
1261230011.0775
1261230011.1025
1261230011.1275
1261230011.1525
1261230011.1775
1261230011.2025
1261230011.2275
1261230011.2525
1261230011.2775
1261230011.3025
1261230011.3275
1261230011.3525
1261230011.3775
1261230011.4025
1261230011.4275
1261230011.4525
1261230011.4775
1261230011.5025
1261230011.5275
1261230011.5525
1261230011.5775
1261230011.6025
1261230011.6275
1261230011.6525
1261230011.6775
1261230011.7025
1261230011.7275
1261230011.7525
1261230011.7775
1261230011.8025
1261230011.8275
1261230011.8525
1261230011.8775
1261230011.9025
1261230011.9275
1261230011.9525
1261230011.9775
1261230012.0025
1261230012.0275
1261230012.0525
1261230012.0775
1261230012.1025
1261230012.1275
1261230012.1525
1261230012.1774
1261230012.2024
1261230012.2274
1261230012.2524
1261230012.2774
1261230012.3024
1261230012.3274
1261230012.3524
1261230012.3774
1261230012.4024
1261230012.4274
1261230012.4524
1261230012.4774
1261230012.5024
1261230012.5274
1261230012.5524
1261230012.5784
1261230012.6024
1261230012.6284
1261230012.6534
1261230012.6784
1261230012.7034
1261230012.7284
1261230012.7534
1261230012.7784
1261230012.8034
1261230012.8284
1261230012.8534
1261230012.8784
1261230012.9034
1261230012.9284
1261230012.9534
1261230012.9784
1261230013.0034
1261230013.0284
1261230013.0534
1261230013.0784
1261230013.1034
1261230013.1284
1261230013.1534
1261230013.1784
1261230013.2034
1261230013.2284
1261230013.2534
1261230013.2784
1261230013.3034
1261230013.3284
1261230013.3534
1261230013.3783
1261230013.4033
1261230013.4283
1261230013.4533
1261230013.4783
1261230013.5033
1261230013.5283
1261230013.5533
1261230013.5783
1261230013.6033
1261230013.6283
1261230013.6533
1261230013.6783
1261230013.7033
1261230013.7283
1261230013.7533
1261230013.7783
1261230013.8033
1261230013.8283
1261230013.8533
1261230013.8783
1261230013.9033
1261230013.9283
1261230013.9533
1261230013.9783
1261230014.0033
1261230014.0283
1261230014.0533
1261230014.0783
1261230014.1033
1261230014.1283
1261230014.1533
1261230014.1783
1261230014.2033
1261230014.2283
1261230014.2533
1261230014.2783
1261230014.3033
1261230014.3283
1261230014.3533
1261230014.3783
1261230014.4033
1261230014.4283
1261230014.4533
1261230014.4783
1261230014.5033
1261230014.5283
1261230014.5533
1261230014.5782
1261230014.6032
1261230014.6282
1261230014.6532
1261230014.6782
1261230014.7032
1261230014.7282
1261230014.7532
1261230014.7782
1261230014.8032
1261230014.8282
1261230014.8532
1261230014.8782
1261230014.9032
1261230014.9282
1261230014.9532
1261230014.9782
1261230015.0032
1261230015.0282
1261230015.0532
1261230015.0782
1261230015.1032
1261230015.1282
1261230015.1532
1261230015.1782
1261230015.2042
1261230015.2292
1261230015.2542
1261230015.2792
1261230015.3042
1261230015.3292
1261230015.3542
1261230015.3792
1261230015.4042
1261230015.4292
1261230015.4542
1261230015.4792
1261230015.5042
1261230015.5292
1261230015.5542
1261230015.5792
1261230015.6042
1261230015.6292
1261230015.6542
1261230015.6792
1261230015.7042
1261230015.7292
1261230015.7542
1261230015.7791
1261230015.8041
1261230015.8291
1261230015.8541
1261230015.8791
1261230015.9041
1261230015.9291
1261230015.9541
1261230015.9791
1261230016.0041
1261230016.0291
1261230016.0541
1261230016.0791
1261230016.1041
1261230016.1541
1261230016.1791
1261230016.2041
1261230016.2291
1261230016.2541
1261230016.2791
1261230016.3041
1261230016.3291
1261230016.3541
1261230016.3791
1261230016.4041
1261230016.4291
1261230016.4541
1261230016.4791
1261230016.5041
1261230016.5291
1261230016.5541
1261230016.5791
1261230016.6041
1261230016.6291
1261230016.6541
1261230016.6791
1261230016.7041
1261230016.7291
1261230016.7541
1261230016.7791
1261230016.8041
1261230016.8291
1261230016.8541
1261230016.8791
1261230016.9041
1261230016.9291
1261230016.9541
1261230016.9790
1261230017.0040
1261230017.0290
1261230017.0540
1261230017.0790
1261230017.1040
1261230017.1290
1261230017.1540
1261230017.1790
1261230017.2040
1261230017.2290
1261230017.2540
1261230017.2790
1261230017.3040
1261230017.3290
1261230017.3540
1261230017.3790
1261230017.4040
1261230017.4290
1261230017.4540
1261230017.5040
1261230017.5290
1261230017.5540
1261230017.5790
1261230017.6040
1261230017.6290
1261230017.6540
1261230017.6790
1261230017.7040
1261230017.7290
1261230017.7540
1261230017.7790
1261230017.8040
1261230017.8290
1261230017.8550
1261230017.8800
1261230017.9050
1261230017.9300
1261230017.9550
1261230017.9800
1261230018.0050
1261230018.0300
1261230018.0550
1261230018.0800
1261230018.1050
1261230018.1300
1261230018.1550
1261230018.1799
1261230018.2049
1261230018.2299
1261230018.2549
1261230018.2799
1261230018.3049
1261230018.3299
1261230018.3549
1261230018.3799
1261230018.4049
1261230018.4299
1261230018.4549
1261230018.4799
1261230018.5049
1261230018.5299
1261230018.5549
1261230018.5799
1261230018.6049
1261230018.6299
1261230018.6549
1261230018.6799
1261230018.7049
1261230018.7299
1261230018.7549
1261230018.7799
1261230018.8049
1261230018.8299
1261230018.8549
1261230018.8799
1261230018.9049
1261230018.9299
1261230018.9549
1261230018.9799
1261230019.0049
1261230019.0299
1261230019.0549
1261230019.0799
1261230019.1049
1261230019.1299
1261230019.1549
1261230019.1799
1261230019.2049
1261230019.2299
1261230019.2549
1261230019.2799
1261230019.3049
1261230019.3299
1261230019.3549
1261230019.3798
1261230019.4048
1261230019.4298
1261230019.4548
1261230019.4798
1261230019.5048
1261230019.5298
1261230019.5548
1261230019.5798
1261230019.6048
1261230019.6298
1261230019.6548
1261230019.6798
1261230019.7048
1261230019.7298
1261230019.7548
1261230019.7798
1261230019.8048
1261230019.8298
1261230019.8548
1261230019.8798
1261230019.9048
1261230019.9298
1261230019.9548
1261230019.9798
1261230020.0048
1261230020.0298
1261230020.0548
1261230020.0798
1261230020.1048
1261230020.1298
1261230020.1548
1261230020.1798
1261230020.2048
1261230020.2298
1261230020.2548
1261230020.2798
1261230020.3048
1261230020.3298
1261230020.3548
1261230020.3798
1261230020.4058
1261230020.4308
1261230020.4548
1261230020.4808
1261230020.5058
1261230020.5308
1261230020.5558
1261230020.5807
1261230020.6057
1261230020.6307
1261230020.6557
1261230020.6807
1261230020.7057
1261230020.7307
1261230020.7557
1261230020.7807
1261230020.8057
1261230020.8307
1261230020.8557
1261230020.8807
1261230020.9057
1261230020.9307
1261230020.9557
1261230020.9807
1261230021.0057
1261230021.0307
1261230021.0557
1261230021.0807
1261230021.1057
1261230021.1307
1261230021.1557
1261230021.1807
1261230021.2057
1261230021.2307
1261230021.2557
1261230021.2807
1261230021.3057
1261230021.3307
1261230021.3557
1261230021.3807
1261230021.4057
1261230021.4307
1261230021.4557
1261230021.4807
1261230021.5057
1261230021.5307
1261230021.5557
1261230021.5807
1261230021.6057
1261230021.6307
1261230021.6557
1261230021.6807
1261230021.7057
1261230021.7307
1261230021.7557
1261230021.7806
1261230021.8056
1261230021.8306
1261230021.8556
1261230021.8806
1261230021.9056
1261230021.9306
1261230021.9556
1261230021.9806
1261230022.0056
1261230022.0306
1261230022.0556
1261230022.0806
1261230022.1056
1261230022.1306
1261230022.1556
1261230022.1806
1261230022.2056
1261230022.2306
1261230022.2556
1261230022.2806
1261230022.3056
1261230022.3306
1261230022.3556
1261230022.3806
1261230022.4056
1261230022.4306
1261230022.4556
1261230022.4806
1261230022.5056
1261230022.5306
1261230022.5556
1261230022.5806
1261230022.6056
1261230022.6306
1261230022.6556
1261230022.6806
1261230022.7056
1261230022.7306
1261230022.7556
1261230022.7806
1261230022.8056
1261230022.8306
1261230022.8556
1261230022.8806
1261230022.9056
1261230022.9306
1261230022.9556
1261230022.9815
1261230023.0055
1261230023.0305
1261230023.0565
1261230023.0805
1261230023.1065
1261230023.1315
1261230023.1565
1261230023.1815
1261230023.2065
1261230023.2315
1261230023.2565
1261230023.2815
1261230023.3065
1261230023.3315
1261230023.3565
1261230023.3815
1261230023.4065
1261230023.4315
1261230023.4565
1261230023.4815
1261230023.5065
1261230023.5315
1261230023.5565
1261230023.5815
1261230023.6065
1261230023.6315
1261230023.6565
1261230023.6815
1261230023.7065
1261230023.7315
1261230023.7565
1261230023.7815
1261230023.8065
1261230023.8315
1261230023.8565
1261230023.8815
1261230023.9065
1261230023.9315
1261230023.9565
1261230023.9815
1261230024.0065
1261230024.0315
1261230024.0565
1261230024.0815
1261230024.1065
1261230024.1315
1261230024.1565
1261230024.1814
1261230024.2064
1261230024.2314
1261230024.2564
1261230024.2814
1261230024.3064
1261230024.3314
1261230024.3564
1261230024.3814
1261230024.4064
1261230024.4314
1261230024.4564
1261230024.4814
1261230024.5064
1261230024.5314
1261230024.5564
1261230024.5814
1261230024.6064
1261230024.6314
1261230024.6564
1261230024.6814
1261230024.7064
1261230024.7314
1261230024.7564
1261230024.7814
1261230024.8064
1261230024.8314
1261230024.8564
1261230024.8814
1261230024.9064
1261230024.9314
1261230024.9564
1261230024.9814
1261230025.0064
1261230025.0314
1261230025.0564
1261230025.0814
1261230025.1064
1261230025.1314
1261230025.1564
1261230025.1814
1261230025.2064
1261230025.2314
1261230025.2564
1261230025.2814
1261230025.3064
1261230025.3314
1261230025.3564
1261230025.3813
1261230025.4063
1261230025.4313
1261230025.4563
1261230025.4813
1261230025.5063
1261230025.5313
1261230025.5563
1261230025.5813
1261230025.6063
1261230025.6313
1261230025.6573
1261230025.6823
1261230025.7073
1261230025.7323
1261230025.7573
1261230025.7823
1261230025.8073
1261230025.8323
1261230025.8573
1261230025.8823
1261230025.9073
1261230025.9323
1261230025.9573
1261230025.9823
1261230026.0073
1261230026.0323
1261230026.0573
1261230026.0823
1261230026.1073
1261230026.1323
1261230026.1573
1261230026.1823
1261230026.2073
1261230026.2323
1261230026.2573
1261230026.2823
1261230026.3073
1261230026.3323
1261230026.3573
1261230026.3823
1261230026.4073
1261230026.4323
1261230026.4573
1261230026.4823
1261230026.5073
1261230026.5323
1261230026.5573
1261230026.5822
1261230026.6072
1261230026.6322
1261230026.6572
1261230026.6822
1261230026.7072
1261230026.7322
1261230026.7572
1261230026.7822
1261230026.8072
1261230026.8322
1261230026.8572
1261230026.8822
1261230026.9072
1261230026.9322
1261230026.9572
1261230026.9822
1261230027.0072
1261230027.0322
1261230027.0572
1261230027.0822
1261230027.1072
1261230027.1322
1261230027.1572
1261230027.1822
1261230027.2072
1261230027.2322
1261230027.2572
1261230027.2822
1261230027.3072
1261230027.3322
1261230027.3572
1261230027.3822
1261230027.4072
1261230027.4322
1261230027.4572
1261230027.4822
1261230027.5072
1261230027.5322
1261230027.5572
1261230027.5822
1261230027.6072
1261230027.6322
1261230027.6572
1261230027.6822
1261230027.7072
1261230027.7322
1261230027.7572
1261230027.7821
1261230027.8071
1261230027.8321
1261230027.8571
1261230027.8821
1261230027.9071
1261230027.9321
1261230027.9571
1261230027.9821
1261230028.0071
1261230028.0321
1261230028.0571
1261230028.0821
1261230028.1071
1261230028.1321
1261230028.1581
1261230028.1831
1261230028.2081
1261230028.2331
1261230028.2581
1261230028.2831
1261230028.3081
1261230028.3331
1261230028.3581
1261230028.3831
1261230028.4081
1261230028.4331
1261230028.4581
1261230028.4831
1261230028.5081
1261230028.5331
1261230028.5581
1261230028.5831
1261230028.6081
1261230028.6331
1261230028.6581
1261230028.6831
1261230028.7081
1261230028.7331
1261230028.7581
1261230028.7831
1261230028.8081
1261230028.8331
1261230028.8581
1261230028.8831
1261230028.9081
1261230028.9331
1261230028.9581
1261230028.9830
1261230029.0080
1261230029.0330
1261230029.0580
1261230029.0830
1261230029.1080
1261230029.1330
1261230029.1580
1261230029.1830
1261230029.2080
1261230029.2330
1261230029.2580
1261230029.2830
1261230029.3080
1261230029.3330
1261230029.3580
1261230029.3830
1261230029.4080
1261230029.4330
1261230029.4580
1261230029.4830
1261230029.5080
1261230029.5330
1261230029.5580
1261230029.5830
1261230029.6080
1261230029.6330
1261230029.6580
1261230029.6830
1261230029.7080
1261230029.7330
1261230029.7580
1261230029.7830
1261230029.8080
1261230029.8330
1261230029.8580
1261230029.8830
1261230029.9080
1261230029.9330
1261230029.9580
1261230029.9830
1261230030.0080
1261230030.0330
1261230030.0580
1261230030.0830
1261230030.1080
1261230030.1330
1261230030.1580
1261230030.1829
1261230030.2079
1261230030.2329
1261230030.2579
1261230030.2829
1261230030.3079
1261230030.3329
1261230030.3579
1261230030.3829
1261230030.4079
1261230030.4329
1261230030.4579
1261230030.4829
1261230030.5079
1261230030.5329
1261230030.5579
1261230030.5829
1261230030.6079
1261230030.6329
1261230030.6579
1261230030.6829
1261230030.7079
1261230030.7339
1261230030.7579
1261230030.7839
1261230030.8079
1261230030.8339
1261230030.8589
1261230030.8839
1261230030.9089
1261230030.9339
1261230030.9589
1261230030.9839
1261230031.0089
1261230031.0339
1261230031.0589
1261230031.0839
1261230031.1089
1261230031.1339
1261230031.1589
1261230031.1839
1261230031.2089
1261230031.2339
1261230031.2589
1261230031.2839
1261230031.3089
1261230031.3339
1261230031.3589
1261230031.3838
1261230031.4088
1261230031.4338
1261230031.4588
1261230031.4838
1261230031.5088
1261230031.5338
1261230031.5588
1261230031.5838
1261230031.6088
1261230031.6338
1261230031.6588
1261230031.6838
1261230031.7088
1261230031.7338
1261230031.7588
1261230031.7838
1261230031.8088
1261230031.8338
1261230031.8588
1261230031.8838
1261230031.9088
1261230031.9338
1261230031.9588
1261230031.9838
1261230032.0088
1261230032.0338
1261230032.0588
1261230032.0838
1261230032.1088
1261230032.1338
1261230032.1588
1261230032.1838
1261230032.2088
1261230032.2338
1261230032.2588
1261230032.2838
1261230032.3088
1261230032.3338
1261230032.3588
1261230032.3838
1261230032.4088
1261230032.4338
1261230032.4588
1261230032.4838
1261230032.5088
1261230032.5338
1261230032.5588
1261230032.5837
1261230032.6087
1261230032.6337
1261230032.6587
1261230032.6837
1261230032.7087
1261230032.7337
1261230032.7587
1261230032.7837
1261230032.8087
1261230032.8337
1261230032.8587
1261230032.8837
1261230032.9087
1261230032.9337
1261230032.9587
1261230032.9837
1261230033.0087
1261230033.0337
1261230033.0587
1261230033.0837
1261230033.1087
1261230033.1337
1261230033.1587
1261230033.1837
1261230033.2087
1261230033.2337
1261230033.2587
1261230033.2837
1261230033.3087
1261230033.3337
1261230033.3587
1261230033.3847
1261230033.4097
1261230033.4347
1261230033.4587
1261230033.4837
1261230033.5097
1261230033.5347
1261230033.5597
1261230033.5847
1261230033.6097
1261230033.6347
1261230033.6597
1261230033.6847
1261230033.7097
1261230033.7347
1261230033.7597
1261230033.7846
1261230033.8096
1261230033.8346
1261230033.8596
1261230033.8846
1261230033.9096
1261230033.9346
1261230033.9596
1261230033.9846
1261230034.0096
1261230034.0346
1261230034.0596
1261230034.0846
1261230034.1096
1261230034.1346
1261230034.1596
1261230034.1846
1261230034.2096
1261230034.2346
1261230034.2596
1261230034.2846
1261230034.3096
1261230034.3346
1261230034.3596
1261230034.3846
1261230034.4096
1261230034.4346
1261230034.4596
1261230034.4846
1261230034.5096
1261230034.5346
1261230034.5596
1261230034.5846
1261230034.6096
1261230034.6346
1261230034.6596
1261230034.6846
1261230034.7096
1261230034.7346
1261230034.7596
1261230034.7846
1261230034.8096
1261230034.8346
1261230034.8596
1261230034.8846
1261230034.9096
1261230034.9346
1261230034.9596
1261230034.9845
1261230035.0095
1261230035.0345
1261230035.0595
1261230035.0845
1261230035.1095
1261230035.1345
1261230035.1595
1261230035.1845
1261230035.2095
1261230035.2345
1261230035.2595
1261230035.2845
1261230035.3095
1261230035.3345
1261230035.3595
1261230035.3845
1261230035.4095
1261230035.4345
1261230035.4595
1261230035.4845
1261230035.5095
1261230035.5345
1261230035.5595
1261230035.5845
1261230035.6095
1261230035.6345
1261230035.6595
1261230035.6845
1261230035.7095
1261230035.7345
1261230035.7595
1261230035.7845
1261230035.8095
1261230035.8345
1261230035.8595
1261230035.8845
1261230035.9105
1261230035.9355
1261230035.9605
1261230035.9855
1261230036.0105
1261230036.0355
1261230036.0605
1261230036.0855
1261230036.1105
1261230036.1355
1261230036.1605
1261230036.1854
1261230036.2104
1261230036.2354
1261230036.2604
1261230036.2854
1261230036.3104
1261230036.3354
1261230036.3604
1261230036.3854
1261230036.4104
1261230036.4354
1261230036.4604
1261230036.4854
1261230036.5104
1261230036.5354
1261230036.5604
1261230036.5854
1261230036.6104
1261230036.6354
1261230036.6604
1261230036.6854
1261230036.7104
1261230036.7354
1261230036.7604
1261230036.7854
1261230036.8104
1261230036.8354
1261230036.8604
1261230036.8854
1261230036.9104
1261230036.9354
1261230036.9604
1261230036.9854
1261230037.0104
1261230037.0354
1261230037.0604
1261230037.0854
1261230037.1104
1261230037.1354
1261230037.1604
1261230037.1854
1261230037.2104
1261230037.2354
1261230037.2604
1261230037.2854
1261230037.3104
1261230037.3354
1261230037.3604
1261230037.3853
1261230037.4103
1261230037.4353
1261230037.4603
1261230037.4853
1261230037.5103
1261230037.5353
1261230037.5603
1261230037.5853
1261230037.6103
1261230037.6353
1261230037.6603
1261230037.6853
1261230037.7103
1261230037.7353
1261230037.7603
1261230037.7853
1261230037.8103
1261230037.8353
1261230037.8603
1261230037.8853
1261230037.9103
1261230037.9353
1261230037.9603
1261230037.9853
1261230038.0103
1261230038.0353
1261230038.0603
1261230038.0853
1261230038.1103
1261230038.1353
1261230038.1603
1261230038.1853
1261230038.2103
1261230038.2353
1261230038.2603
1261230038.2853
1261230038.3103
1261230038.3353
1261230038.3603
1261230038.3853
1261230038.4103
1261230038.4353
1261230038.4603
1261230038.4853
1261230038.5113
1261230038.5363
1261230038.5613
1261230038.5862
1261230038.6112
1261230038.6362
1261230038.6612
1261230038.6862
1261230038.7112
1261230038.7362
1261230038.7612
1261230038.7862
1261230038.8112
1261230038.8362
1261230038.8612
1261230038.8862
1261230038.9112
1261230038.9362
1261230038.9612
1261230038.9862
1261230039.0112
1261230039.0362
1261230039.0612
1261230039.0862
1261230039.1112
1261230039.1362
1261230039.1612
1261230039.1862
1261230039.2112
1261230039.2362
1261230039.2612
1261230039.2862
1261230039.3112
1261230039.3362
1261230039.3612
1261230039.3862
1261230039.4112
1261230039.4362
1261230039.4612
1261230039.4862
1261230039.5112
1261230039.5362
1261230039.5612
1261230039.5862
1261230039.6112
1261230039.6362
1261230039.6612
1261230039.6862
1261230039.7112
1261230039.7362
1261230039.7612
1261230039.7861
1261230039.8111
1261230039.8361
1261230039.8611
1261230039.8861
1261230039.9111
1261230039.9361
1261230039.9611
1261230039.9861
1261230040.0111
1261230040.0361
1261230040.0611
1261230040.0861
1261230040.1111
1261230040.1361
1261230040.1611
1261230040.1861
1261230040.2111
1261230040.2361
1261230040.2611
1261230040.2861
1261230040.3111
1261230040.3361
1261230040.3611
1261230040.3861
1261230040.4111
1261230040.4361
1261230040.4611
1261230040.4861
1261230040.5111
1261230040.5361
1261230040.5611
1261230040.5861
1261230040.6111
1261230040.6361
1261230040.6611
1261230040.6861
1261230040.7111
1261230040.7361
1261230040.7611
1261230040.7861
1261230040.8111
1261230040.8361
1261230040.8611
1261230040.8861
1261230040.9111
1261230040.9361
1261230040.9621
1261230040.9870
1261230041.0120
1261230041.0370
1261230041.0620
1261230041.0870
1261230041.1120
1261230041.1370
1261230041.1620
1261230041.1870
1261230041.2120
1261230041.2370
1261230041.2620
1261230041.2870
1261230041.3120
1261230041.3370
1261230041.3620
1261230041.3870
1261230041.4120
1261230041.4370
1261230041.4620
1261230041.4870
1261230041.5120
1261230041.5370
1261230041.5620
1261230041.5870
1261230041.6120
1261230041.6370
1261230041.6620
1261230041.6870
1261230041.7120
1261230041.7370
1261230041.7620
1261230041.7870
1261230041.8120
1261230041.8370
1261230041.8620
1261230041.8870
1261230041.9120
1261230041.9370
1261230041.9620
1261230041.9870
1261230042.0120
1261230042.0370
1261230042.0620
1261230042.0870
1261230042.1120
1261230042.1370
1261230042.1620
1261230042.1869
1261230042.2119
1261230042.2369
1261230042.2619
1261230042.2869
1261230042.3119
1261230042.3369
1261230042.3619
1261230042.3869
1261230042.4119
1261230042.4369
1261230042.4619
1261230042.4869
1261230042.5119
1261230042.5369
1261230042.5619
1261230042.5869
1261230042.6119
1261230042.6369
1261230042.6619
1261230042.6869
1261230042.7119
1261230042.7369
1261230042.7619
1261230042.7869
1261230042.8119
1261230042.8369
1261230042.8619
1261230042.8869
1261230042.9119
1261230042.9369
1261230042.9619
1261230042.9869
1261230043.0119
1261230043.0369
1261230043.0619
1261230043.0869
1261230043.1119
1261230043.1369
1261230043.1619
1261230043.1869
1261230043.2119
1261230043.2369
1261230043.2619
1261230043.2869
1261230043.3119
1261230043.3369
1261230043.3619
1261230043.3868
1261230043.4118
1261230043.4378
1261230043.4628
1261230043.4868
1261230043.5128
1261230043.5378
1261230043.5618
1261230043.5878
1261230043.6128
1261230043.6378
1261230043.6628
1261230043.6878
1261230043.7128
1261230043.7378
1261230043.7628
1261230043.7878
1261230043.8128
1261230043.8378
1261230043.8628
1261230043.8878
1261230043.9128
1261230043.9628
1261230043.9878
1261230044.0128
1261230044.0378
1261230044.0628
1261230044.0878
1261230044.1128
1261230044.1378
1261230044.1628
1261230044.1878
1261230044.2128
1261230044.2378
1261230044.2628
1261230044.2878
1261230044.3128
1261230044.3378
1261230044.3628
1261230044.3878
1261230044.4128
1261230044.4378
1261230044.4628
1261230044.4878
1261230044.5128
1261230044.5378
1261230044.5628
1261230044.5877
1261230044.6127
1261230044.6377
1261230044.6627
1261230044.6877
1261230044.7127
1261230044.7377
1261230044.7627
1261230044.7877
1261230044.8127
1261230044.8377
1261230044.8627
1261230044.8877
1261230044.9127
1261230044.9377
1261230044.9627
1261230044.9877
1261230045.0127
1261230045.0377
1261230045.0627
1261230045.0877
1261230045.1127
1261230045.1377
1261230045.1627
1261230045.1877
1261230045.2127
1261230045.2377
1261230045.2627
1261230045.2877
1261230045.3127
1261230045.3377
1261230045.3627
1261230045.3877
1261230045.4127
1261230045.4377
1261230045.4627
1261230045.4877
1261230045.5127
1261230045.5377
1261230045.5627
1261230045.5877
1261230045.6127
1261230045.6377
1261230045.6627
1261230045.6877
1261230045.7127
1261230045.7377
1261230045.7627
1261230045.7876
1261230045.8126
1261230045.8376
1261230045.8626
1261230045.8876
1261230045.9136
1261230045.9386
1261230045.9636
1261230045.9886
1261230046.0136
1261230046.0386
1261230046.0636
1261230046.0886
1261230046.1136
1261230046.1386
1261230046.1636
1261230046.1886
1261230046.2136
1261230046.2386
1261230046.2636
1261230046.2886
1261230046.3136
1261230046.3386
1261230046.3636
1261230046.3886
1261230046.4136
1261230046.4386
1261230046.4636
1261230046.4886
1261230046.5136
1261230046.5386
1261230046.5636
1261230046.5886
1261230046.6136
1261230046.6386
1261230046.6636
1261230046.6886
1261230046.7136
1261230046.7386
1261230046.7636
1261230046.7886
1261230046.8136
1261230046.8386
1261230046.8636
1261230046.8886
1261230046.9136
1261230046.9386
1261230046.9636
1261230046.9885
1261230047.0135
1261230047.0385
1261230047.0635
1261230047.0885
1261230047.1135
1261230047.1385
1261230047.1635
1261230047.1885
1261230047.2135
1261230047.2385
1261230047.2635
1261230047.2885
1261230047.3135
1261230047.3385
1261230047.3635
1261230047.3885
1261230047.4135
1261230047.4385
1261230047.4635
1261230047.4885
1261230047.5135
1261230047.5385
1261230047.5635
1261230047.5885
1261230047.6135
1261230047.6385
1261230047.6635
1261230047.6885
1261230047.7135
1261230047.7385
1261230047.7635
1261230047.7885
1261230047.8135
1261230047.8385
1261230047.8635
1261230047.8885
1261230047.9135
1261230047.9385
1261230047.9635
1261230047.9885
1261230048.0135
1261230048.0385
1261230048.0635
1261230048.0885
1261230048.1135
1261230048.1385
1261230048.1635
1261230048.1884
1261230048.2134
1261230048.2384
1261230048.2634
1261230048.2884
1261230048.3134
1261230048.3394
1261230048.3644
1261230048.3894
1261230048.4144
1261230048.4394
1261230048.4644
1261230048.4894
1261230048.5144
1261230048.5394
1261230048.5644
1261230048.5894
1261230048.6144
1261230048.6394
1261230048.6644
1261230048.6894
1261230048.7144
1261230048.7394
1261230048.7644
1261230048.7894
1261230048.8144
1261230048.8394
1261230048.8644
1261230048.8894
1261230048.9144
1261230048.9394
1261230048.9644
1261230048.9894
1261230049.0144
1261230049.0394
1261230049.0644
1261230049.0894
1261230049.1144
1261230049.1394
1261230049.1644
1261230049.1894
1261230049.2144
1261230049.2394
1261230049.2644
1261230049.2894
1261230049.3144
1261230049.3394
1261230049.3644
1261230049.3893
1261230049.4143
1261230049.4393
1261230049.4643
1261230049.4893
1261230049.5143
1261230049.5393
1261230049.5643
1261230049.5893
1261230049.6143
1261230049.6393
1261230049.6643
1261230049.6893
1261230049.7143
1261230049.7393
1261230049.7643
1261230049.7893
1261230049.8143
1261230049.8393
1261230049.8643
1261230049.8893
1261230049.9143
1261230049.9393
1261230049.9643
1261230049.9893
1261230050.0143
1261230050.0393
1261230050.0643
1261230050.0893
1261230050.1143
1261230050.1393
1261230050.1643
1261230050.1893
1261230050.2143
1261230050.2393
1261230050.2643
1261230050.2893
1261230050.3143
1261230050.3393
1261230050.3643
1261230050.3893
1261230050.4143
1261230050.4393
1261230050.4643
1261230050.4893
1261230050.5143
1261230050.5393
1261230050.5643
1261230050.5892
1261230050.6142
1261230050.6392
1261230050.6642
1261230050.6902
1261230050.7142
1261230050.7392
1261230050.7652
1261230050.7902
1261230050.8152
1261230050.8402
1261230050.8652
1261230050.8902
1261230050.9152
1261230050.9402
1261230050.9652
1261230050.9902
1261230051.0152
1261230051.0402
1261230051.0652
1261230051.0902
1261230051.1152
1261230051.1402
1261230051.1652
1261230051.1902
1261230051.2152
1261230051.2402
1261230051.2652
1261230051.2902
1261230051.3152
1261230051.3402
1261230051.3652
1261230051.3902
1261230051.4152
1261230051.4402
1261230051.4652
1261230051.4902
1261230051.5152
1261230051.5402
1261230051.5652
1261230051.5902
1261230051.6152
1261230051.6402
1261230051.6652
1261230051.6902
1261230051.7152
1261230051.7402
1261230051.7652
1261230051.7901
1261230051.8151
1261230051.8401
1261230051.8651
1261230051.8901
1261230051.9151
1261230051.9401
1261230051.9651
1261230051.9901
1261230052.0151
1261230052.0401
1261230052.0651
1261230052.0901
1261230052.1151
1261230052.1401
1261230052.1651
1261230052.1901
1261230052.2151
1261230052.2401
1261230052.2651
1261230052.2901
1261230052.3151
1261230052.3401
1261230052.3651
1261230052.3901
1261230052.4151
1261230052.4401
1261230052.4651
1261230052.4901
1261230052.5151
1261230052.5401
1261230052.5651
1261230052.5901
1261230052.6151
1261230052.6401
1261230052.6651
1261230052.6901
1261230052.7151
1261230052.7401
1261230052.7651
1261230052.7901
1261230052.8151
1261230052.8401
1261230052.8651
1261230052.8901
1261230052.9151
1261230052.9401
1261230052.9651
1261230052.9900
1261230053.0150
1261230053.0400
1261230053.0650
1261230053.0910
1261230053.1160
1261230053.1410
1261230053.1660
1261230053.1910
1261230053.2160
1261230053.2410
1261230053.2660
1261230053.2910
1261230053.3160
1261230053.3410
1261230053.3660
1261230053.3910
1261230053.4160
1261230053.4410
1261230053.4660
1261230053.4910
1261230053.5160
1261230053.5410
1261230053.5660
1261230053.5910
1261230053.6160
1261230053.6410
1261230053.6660
1261230053.6910
1261230053.7160
1261230053.7410
1261230053.7660
1261230053.7910
1261230053.8160
1261230053.8410
1261230053.8660
1261230053.8910
1261230053.9160
1261230053.9410
1261230053.9660
1261230053.9910
1261230054.0160
1261230054.0410
1261230054.0660
1261230054.0910
1261230054.1160
1261230054.1410
1261230054.1660
1261230054.1909
1261230054.2159
1261230054.2409
1261230054.2659
1261230054.2909
1261230054.3159
1261230054.3409
1261230054.3659
1261230054.3909
1261230054.4159
1261230054.4409
1261230054.4659
1261230054.4909
1261230054.5159
1261230054.5409
1261230054.5659
1261230054.5909
1261230054.6159
1261230054.6409
1261230054.6659
1261230054.6909
1261230054.7159
1261230054.7409
1261230054.7659
1261230054.7909
1261230054.8159
1261230054.8409
1261230054.8659
1261230054.8909
1261230054.9159
1261230054.9409
1261230054.9659
1261230054.9909
1261230055.0159
1261230055.0409
1261230055.0659
1261230055.0909
1261230055.1159
1261230055.1409
1261230055.1659
1261230055.1919
1261230055.2169
1261230055.2419
1261230055.2669
1261230055.2919
1261230055.3169
1261230055.3419
1261230055.3669
1261230055.3918
1261230055.4168
1261230055.4418
1261230055.4668
1261230055.4918
1261230055.5168
1261230055.5418
1261230055.5668
1261230055.5918
1261230055.6168
1261230055.6418
1261230055.6668
1261230055.6918
1261230055.7168
1261230055.7418
1261230055.7668
1261230055.7918
1261230055.8168
1261230055.8418
1261230055.8668
1261230055.8918
1261230055.9168
1261230055.9418
1261230055.9668
1261230055.9918
1261230056.0168
1261230056.0418
1261230056.0668
1261230056.0918
1261230056.1168
1261230056.1418
1261230056.1668
1261230056.1918
1261230056.2168
1261230056.2418
1261230056.2668
1261230056.2918
1261230056.3168
1261230056.3418
1261230056.3668
1261230056.3918
1261230056.4168
1261230056.4418
1261230056.4668
1261230056.4918
1261230056.5168
1261230056.5418
1261230056.5668
1261230056.5917
1261230056.6167
1261230056.6417
1261230056.6667
1261230056.6917
1261230056.7167
1261230056.7417
1261230056.7667
1261230056.7917
1261230056.8167
1261230056.8417
1261230056.8667
1261230056.8917
1261230056.9167
1261230056.9417
1261230056.9667
1261230056.9917
1261230057.0167
1261230057.0417
1261230057.0667
1261230057.0917
1261230057.1167
1261230057.1417
1261230057.1667
1261230057.1917
1261230057.2167
1261230057.2417
1261230057.2667
1261230057.2917
1261230057.3167
1261230057.3417
1261230057.3677
1261230057.3927
1261230057.4167
1261230057.4427
1261230057.4677
1261230057.4927
1261230057.5177
1261230057.5427
1261230057.5677
1261230057.5927
1261230057.6177
1261230057.6427
1261230057.6677
1261230057.6927
1261230057.7177
1261230057.7676
1261230057.7926
1261230057.8176
1261230057.8426
1261230057.8676
1261230057.8926
1261230057.9176
1261230057.9426
1261230057.9676
1261230057.9926
1261230058.0176
1261230058.0426
1261230058.0676
1261230058.0926
1261230058.1176
1261230058.1426
1261230058.1676
1261230058.1926
1261230058.2176
1261230058.2426
1261230058.2676
1261230058.2926
1261230058.3176
1261230058.3426
1261230058.3676
1261230058.3926
1261230058.4176
1261230058.4426
1261230058.4676
1261230058.4926
1261230058.5176
1261230058.5426
1261230058.5676
1261230058.5926
1261230058.6176
1261230058.6426
1261230058.6676
1261230058.6926
1261230058.7176
1261230058.7426
1261230058.7676
1261230058.7926
1261230058.8176
1261230058.8426
1261230058.8676
1261230058.8926
1261230058.9176
1261230058.9426
1261230058.9676
1261230058.9925
1261230059.0175
1261230059.0425
1261230059.0675
1261230059.0925
1261230059.1175
1261230059.1425
1261230059.1675
1261230059.1925
1261230059.2175
1261230059.2425
1261230059.2675
1261230059.2925
1261230059.3175
1261230059.3425
1261230059.3675
1261230059.3925
1261230059.4175
1261230059.4425
1261230059.4675
1261230059.4925
1261230059.5175
1261230059.5425
1261230059.5675
1261230059.5935
1261230059.6175
1261230059.6435
1261230059.6685
1261230059.6935
1261230059.7185
1261230059.7435
1261230059.7685
1261230059.7935
1261230059.8185
1261230059.8435
1261230059.8685
1261230059.8935
1261230059.9185
1261230059.9435
1261230059.9685
1261230059.9935
1261230060.0185
1261230060.0435
1261230060.0685
1261230060.0935
1261230060.1185
1261230060.1435
1261230060.1684
1261230060.1934
1261230060.2184
1261230060.2434
1261230060.2684
1261230060.2934
1261230060.3184
1261230060.3434
1261230060.3684
1261230060.3934
1261230060.4184
1261230060.4434
1261230060.4684
1261230060.4934
1261230060.5184
1261230060.5434
1261230060.5684
1261230060.5934
1261230060.6184
1261230060.6434
1261230060.6684
1261230060.6934
1261230060.7184
1261230060.7434
1261230060.7684
1261230060.7934
1261230060.8184
1261230060.8434
1261230060.8684
1261230060.8934
1261230060.9184
1261230060.9434
1261230060.9684
1261230060.9934
1261230061.0184
1261230061.0434
1261230061.0684
1261230061.0934
1261230061.1184
1261230061.1434
1261230061.1684
1261230061.1934
1261230061.2184
1261230061.2434
1261230061.2684
1261230061.2934
1261230061.3184
1261230061.3434
1261230061.3684
1261230061.3933
1261230061.4183
1261230061.4433
1261230061.4683
1261230061.4933
1261230061.5183
1261230061.5433
1261230061.5683
1261230061.5933
1261230061.6183
1261230061.6433
1261230061.6683
1261230061.6933
1261230061.7193
1261230061.7433
1261230061.7693
1261230061.7943
1261230061.8193
1261230061.8443
1261230061.8693
1261230061.8943
1261230061.9193
1261230061.9443
1261230061.9693
1261230061.9943
1261230062.0193
1261230062.0443
1261230062.0693
1261230062.0943
1261230062.1193
1261230062.1443
1261230062.1693
1261230062.1943
1261230062.2193
1261230062.2443
1261230062.2693
1261230062.2943
1261230062.3193
1261230062.3443
1261230062.3693
1261230062.3943
1261230062.4193
1261230062.4443
1261230062.4693
1261230062.4943
1261230062.5193
1261230062.5443
1261230062.5692
1261230062.5942
1261230062.6192
1261230062.6442
1261230062.6692
1261230062.6942
1261230062.7192
1261230062.7442
1261230062.7692
1261230062.7942
1261230062.8192
1261230062.8442
1261230062.8692
1261230062.8942
1261230062.9192
1261230062.9442
1261230062.9692
1261230062.9942
1261230063.0192
1261230063.0442
1261230063.0692
1261230063.0942
1261230063.1192
1261230063.1442
1261230063.1692
1261230063.1942
1261230063.2192
1261230063.2442
1261230063.2692
1261230063.2942
1261230063.3192
1261230063.3442
1261230063.3692
1261230063.3942
1261230063.4192
1261230063.4442
1261230063.4692
1261230063.4942
1261230063.5192
1261230063.5442
1261230063.5692
1261230063.5942
1261230063.6192
1261230063.6442
1261230063.6692
1261230063.6942
1261230063.7192
1261230063.7442
1261230063.7692
1261230063.7941
1261230063.8191
1261230063.8441
1261230063.8691
1261230063.8941
1261230063.9201
1261230063.9451
1261230063.9701
1261230063.9951
1261230064.0201
1261230064.0451
1261230064.0701
1261230064.0951
1261230064.1201
1261230064.1451
1261230064.1701
1261230064.1951
1261230064.2201
1261230064.2451
1261230064.2701
1261230064.2951
1261230064.3201
1261230064.3451
1261230064.3701
1261230064.3951
1261230064.4201
1261230064.4451
1261230064.4701
1261230064.4951
1261230064.5201
1261230064.5451
1261230064.5701
1261230064.5951
1261230064.6201
1261230064.6451
1261230064.6701
1261230064.6951
1261230064.7201
1261230064.7451
1261230064.7701
1261230064.7951
1261230064.8201
1261230064.8451
1261230064.8701
1261230064.8951
1261230064.9201
1261230064.9451
1261230064.9700
1261230064.9950
1261230065.0200
1261230065.0450
1261230065.0700
1261230065.0950
1261230065.1200
1261230065.1450
1261230065.1700
1261230065.1950
1261230065.2200
1261230065.2450
1261230065.2700
1261230065.2950
1261230065.3200
1261230065.3450
1261230065.3700
1261230065.3950
1261230065.4200
1261230065.4450
1261230065.4700
1261230065.4950
1261230065.5200
1261230065.5450
1261230065.5700
1261230065.5950
1261230065.6200
1261230065.6450
1261230065.6700
1261230065.6950
1261230065.7200
1261230065.7450
1261230065.7700
1261230065.7950
1261230065.8200
1261230065.8450
1261230065.8700
1261230065.8950
1261230065.9200
1261230065.9450
1261230065.9700
1261230065.9950
1261230066.0200
1261230066.0450
1261230066.0700
1261230066.0950
1261230066.1200
1261230066.1450
1261230066.1700
1261230066.1949
1261230066.2199
1261230066.2459
1261230066.2709
1261230066.2949
1261230066.3209
1261230066.3459
1261230066.3709
1261230066.3959
1261230066.4209
1261230066.4459
1261230066.4709
1261230066.4959
1261230066.5209
1261230066.5459
1261230066.5709
1261230066.5959
1261230066.6209
1261230066.6459
1261230066.6709
1261230066.6959
1261230066.7209
1261230066.7459
1261230066.7709
1261230066.7959
1261230066.8209
1261230066.8459
1261230066.8709
1261230066.8959
1261230066.9209
1261230066.9459
1261230066.9709
1261230066.9959
1261230067.0209
1261230067.0459
1261230067.0709
1261230067.0959
1261230067.1209
1261230067.1459
1261230067.1709
1261230067.1959
1261230067.2209
1261230067.2459
1261230067.2709
1261230067.2959
1261230067.3209
1261230067.3459
1261230067.3708
1261230067.3958
1261230067.4208
1261230067.4458
1261230067.4708
1261230067.4958
1261230067.5208
1261230067.5458
1261230067.5708
1261230067.5958
1261230067.6208
1261230067.6458
1261230067.6708
1261230067.6958
1261230067.7208
1261230067.7458
1261230067.7708
1261230067.7958
1261230067.8208
1261230067.8458
1261230067.8708
1261230067.8958
1261230067.9208
1261230067.9458
1261230067.9708
1261230067.9958
1261230068.0208
1261230068.0458
1261230068.0708
1261230068.0958
1261230068.1208
1261230068.1458
1261230068.1708
1261230068.1958
1261230068.2208
1261230068.2458
1261230068.2708
1261230068.2958
1261230068.3208
1261230068.3458
1261230068.3708
1261230068.3958
1261230068.4208
1261230068.4468
1261230068.4718
1261230068.4958
1261230068.5208
1261230068.5468
1261230068.5717
1261230068.5967
1261230068.6217
1261230068.6467
1261230068.6717
1261230068.6967
1261230068.7217
1261230068.7467
1261230068.7717
1261230068.7967
1261230068.8217
1261230068.8467
1261230068.8717
1261230068.8967
1261230068.9217
1261230068.9467
1261230068.9717
1261230068.9967
1261230069.0217
1261230069.0467
1261230069.0717
1261230069.0967
1261230069.1217
1261230069.1467
1261230069.1717
1261230069.1967
1261230069.2217
1261230069.2467
1261230069.2717
1261230069.2967
1261230069.3217
1261230069.3467
1261230069.3717
1261230069.3967
1261230069.4217
1261230069.4467
1261230069.4717
1261230069.4967
1261230069.5217
1261230069.5467
1261230069.5717
1261230069.5967
1261230069.6217
1261230069.6467
1261230069.6717
1261230069.6967
1261230069.7217
1261230069.7467
1261230069.7716
1261230069.7966
1261230069.8216
1261230069.8466
1261230069.8716
1261230069.8966
1261230069.9216
1261230069.9466
1261230069.9716
1261230069.9966
1261230070.0216
1261230070.0466
1261230070.0716
1261230070.0966
1261230070.1216
1261230070.1466
1261230070.1716
1261230070.1966
1261230070.2216
1261230070.2466
1261230070.2716
1261230070.2966
1261230070.3216
1261230070.3466
1261230070.3716
1261230070.3966
1261230070.4216
1261230070.4466
1261230070.4716
1261230070.4966
1261230070.5216
1261230070.5466
1261230070.5716
1261230070.5976
1261230070.6226
1261230070.6476
1261230070.6726
1261230070.6976
1261230070.7226
1261230070.7476
1261230070.7726
1261230070.7976
1261230070.8226
1261230070.8476
1261230070.8726
1261230070.8976
1261230070.9226
1261230070.9476
1261230070.9725
1261230070.9975
1261230071.0225
1261230071.0475
1261230071.0725
1261230071.0975
1261230071.1225
1261230071.1475
1261230071.1725
1261230071.1975
1261230071.2225
1261230071.2475
1261230071.2725
1261230071.2975
1261230071.3225
1261230071.3475
1261230071.3725
1261230071.3975
1261230071.4225
1261230071.4475
1261230071.4725
1261230071.4975
1261230071.5225
1261230071.5475
1261230071.5725
1261230071.5975
1261230071.6225
1261230071.6475
1261230071.6725
1261230071.6975
1261230071.7225
1261230071.7475
1261230071.7725
1261230071.7975
1261230071.8225
1261230071.8475
1261230071.8725
1261230071.8975
1261230071.9225
1261230071.9475
1261230071.9725
1261230071.9975
1261230072.0225
1261230072.0475
1261230072.0725
1261230072.0975
1261230072.1225
1261230072.1475
1261230072.1724
1261230072.1974
1261230072.2224
1261230072.2474
1261230072.2724
1261230072.2974
1261230072.3224
1261230072.3474
1261230072.3724
1261230072.3974
1261230072.4224
1261230072.4474
1261230072.4724
1261230072.4974
1261230072.5224
1261230072.5474
1261230072.5724
1261230072.5974
1261230072.6224
1261230072.6474
1261230072.6724
1261230072.6974
1261230072.7224
1261230072.7474
1261230072.7724
1261230072.7974
1261230072.8224
1261230072.8474
1261230072.8724
1261230072.8984
1261230072.9224
1261230072.9474
1261230072.9724
1261230072.9984
1261230073.0224
1261230073.0484
1261230073.0734
1261230073.0984
1261230073.1234
1261230073.1484
1261230073.1734
1261230073.1984
1261230073.2234
1261230073.2484
1261230073.2734
1261230073.2984
1261230073.3234
1261230073.3484
1261230073.3733
1261230073.3983
1261230073.4233
1261230073.4483
1261230073.4733
1261230073.4983
1261230073.5233
1261230073.5483
1261230073.5733
1261230073.5983
1261230073.6233
1261230073.6483
1261230073.6733
1261230073.6983
1261230073.7233
1261230073.7483
1261230073.7733
1261230073.7983
1261230073.8233
1261230073.8483
1261230073.8733
1261230073.8983
1261230073.9233
1261230073.9483
1261230073.9733
1261230073.9983
1261230074.0233
1261230074.0483
1261230074.0733
1261230074.0983
1261230074.1233
1261230074.1483
1261230074.1733
1261230074.1983
1261230074.2233
1261230074.2483
1261230074.2733
1261230074.2983
1261230074.3233
1261230074.3483
1261230074.3733
1261230074.3983
1261230074.4233
1261230074.4483
1261230074.4733
1261230074.4983
1261230074.5233
1261230074.5483
1261230074.5732
1261230074.5982
1261230074.6232
1261230074.6482
1261230074.6732
1261230074.6982
1261230074.7232
1261230074.7482
1261230074.7732
1261230074.7982
1261230074.8232
1261230074.8482
1261230074.8732
1261230074.8982
1261230074.9232
1261230074.9482
1261230074.9732
1261230074.9982
1261230075.0232
1261230075.0482
1261230075.0732
1261230075.0992
1261230075.1232
1261230075.1492
1261230075.1742
1261230075.1992
1261230075.2242
1261230075.2492
1261230075.2742
1261230075.2992
1261230075.3242
1261230075.3492
1261230075.3742
1261230075.3992
1261230075.4242
1261230075.4492
1261230075.4742
1261230075.4992
1261230075.5242
1261230075.5492
1261230075.5742
1261230075.5992
1261230075.6242
1261230075.6492
1261230075.6742
1261230075.6992
1261230075.7242
1261230075.7492
1261230075.7741
1261230075.7991
1261230075.8241
1261230075.8491
1261230075.8741
1261230075.8991
1261230075.9241
1261230075.9491
1261230075.9741
1261230075.9991
1261230076.0241
1261230076.0491
1261230076.0741
1261230076.0991
1261230076.1241
1261230076.1491
1261230076.1741
1261230076.1991
1261230076.2241
1261230076.2491
1261230076.2741
1261230076.2991
1261230076.3241
1261230076.3491
1261230076.3741
1261230076.3991
1261230076.4241
1261230076.4491
1261230076.4741
1261230076.4991
1261230076.5241
1261230076.5491
1261230076.5741
1261230076.5991
1261230076.6241
1261230076.6491
1261230076.6741
1261230076.6991
1261230076.7241
1261230076.7491
1261230076.7741
1261230076.7991
1261230076.8241
1261230076.8491
1261230076.8741
1261230076.8991
1261230076.9241
1261230076.9491
1261230076.9740
1261230076.9990
1261230077.0240
1261230077.0490
1261230077.0740
1261230077.0990
1261230077.1240
1261230077.1490
1261230077.1740
1261230077.1990
1261230077.2240
1261230077.2490
1261230077.2740
1261230077.2990
1261230077.3250
1261230077.3490
1261230077.3740
1261230077.4000
1261230077.4240
1261230077.4500
1261230077.4750
1261230077.5000
1261230077.5250
1261230077.5500
1261230077.5750
1261230077.6000
1261230077.6250
1261230077.6500
1261230077.6750
1261230077.7000
1261230077.7250
1261230077.7490
1261230077.7750
1261230077.8000
1261230077.8250
1261230077.8500
1261230077.8750
1261230077.9000
1261230077.9250
1261230077.9500
1261230077.9750
1261230078.0000
1261230078.0250
1261230078.0500
1261230078.1000
1261230078.1250
1261230078.1500
1261230078.1749
1261230078.1999
1261230078.2249
1261230078.2499
1261230078.2749
1261230078.2999
1261230078.3249
1261230078.3499
1261230078.3749
1261230078.3999
1261230078.4249
1261230078.4499
1261230078.4749
1261230078.4999
1261230078.5249
1261230078.5499
1261230078.5749
1261230078.5999
1261230078.6249
1261230078.6499
1261230078.6749
1261230078.6999
1261230078.7249
1261230078.7499
1261230078.7749
1261230078.7999
1261230078.8249
1261230078.8499
1261230078.8749
1261230078.8999
1261230078.9249
1261230078.9499
1261230078.9749
1261230078.9999
1261230079.0249
1261230079.0499
1261230079.0749
1261230079.0999
1261230079.1249
1261230079.1499
1261230079.1749
1261230079.1999
1261230079.2249
1261230079.2499
1261230079.2749
1261230079.2999
1261230079.3249
1261230079.3499
1261230079.3748
1261230079.3998
1261230079.4248
1261230079.4498
1261230079.4758
1261230079.5008
1261230079.5258
1261230079.5508
1261230079.5758
1261230079.6008
1261230079.6258
1261230079.6508
1261230079.6758
1261230079.7008
1261230079.7258
1261230079.7508
1261230079.7758
1261230079.8008
1261230079.8258
1261230079.8508
1261230079.8758
1261230079.9008
1261230079.9258
1261230079.9508
1261230079.9758
1261230080.0008
1261230080.0258
1261230080.0508
1261230080.0758
1261230080.1008
1261230080.1258
1261230080.1508
1261230080.1758
1261230080.2008
1261230080.2258
1261230080.2508
1261230080.2758
1261230080.3008
1261230080.3258
1261230080.3508
1261230080.3758
1261230080.4008
1261230080.4258
1261230080.4508
1261230080.4758
1261230080.5008
1261230080.5258
1261230080.5508
1261230080.5757
1261230080.6007
1261230080.6257
1261230080.6507
1261230080.6757
1261230080.7007
1261230080.7257
1261230080.7507
1261230080.7757
1261230080.8007
1261230080.8257
1261230080.8507
1261230080.8757
1261230080.9007
1261230080.9257
1261230080.9507
1261230080.9757
1261230081.0007
1261230081.0257
1261230081.0507
1261230081.0757
1261230081.1007
1261230081.1257
1261230081.1507
1261230081.1757
1261230081.2007
1261230081.2257
1261230081.2507
1261230081.2757
1261230081.3007
1261230081.3257
1261230081.3507
1261230081.3757
1261230081.4007
1261230081.4257
1261230081.4507
1261230081.4757
1261230081.5007
1261230081.5257
1261230081.5507
1261230081.5757
1261230081.6007
1261230081.6257
1261230081.6507
1261230081.6757
1261230081.7007
1261230081.7257
1261230081.7507
1261230081.7756
1261230081.8006
1261230081.8266
1261230081.8516
1261230081.8766
1261230081.9016
1261230081.9266
1261230081.9516
1261230081.9766
1261230082.0016
1261230082.0266
1261230082.0516
1261230082.0766
1261230082.1016
1261230082.1266
1261230082.1516
1261230082.1766
1261230082.2016
1261230082.2266
1261230082.2516
1261230082.2766
1261230082.3016
1261230082.3266
1261230082.3516
1261230082.3766
1261230082.4016
1261230082.4266
1261230082.4516
1261230082.4766
1261230082.5016
1261230082.5266
1261230082.5516
1261230082.5766
1261230082.6016
1261230082.6266
1261230082.6516
1261230082.6766
1261230082.7016
1261230082.7266
1261230082.7516
1261230082.7766
1261230082.8016
1261230082.8266
1261230082.8516
1261230082.8766
1261230082.9016
1261230082.9266
1261230082.9516
1261230082.9765
1261230083.0015
1261230083.0265
1261230083.0515
1261230083.0765
1261230083.1015
1261230083.1265
1261230083.1515
1261230083.1765
1261230083.2015
1261230083.2265
1261230083.2515
1261230083.2765
1261230083.3015
1261230083.3265
1261230083.3515
1261230083.3765
1261230083.4015
1261230083.4265
1261230083.4515
1261230083.4765
1261230083.5015
1261230083.5265
1261230083.5515
1261230083.5765
1261230083.6015
1261230083.6265
1261230083.6515
1261230083.6765
1261230083.7015
1261230083.7265
1261230083.7515
1261230083.7765
1261230083.8015
1261230083.8265
1261230083.8515
1261230083.8765
1261230083.9015
1261230083.9265
1261230083.9515
1261230083.9775
1261230084.0015
1261230084.0275
1261230084.0525
1261230084.0775
1261230084.1025
1261230084.1275
1261230084.1525
1261230084.1774
1261230084.2024
1261230084.2274
1261230084.2524
1261230084.2774
1261230084.3024
1261230084.3274
1261230084.3524
1261230084.3774
1261230084.4024
1261230084.4274
1261230084.4524
1261230084.4774
1261230084.5024
1261230084.5274
1261230084.5524
1261230084.5774
1261230084.6024
1261230084.6274
1261230084.6524
1261230084.6774
1261230084.7024
1261230084.7274
1261230084.7524
1261230084.7774
1261230084.8024
1261230084.8274
1261230084.8524
1261230084.8774
1261230084.9024
1261230084.9274
1261230084.9524
1261230084.9774
1261230085.0024
1261230085.0274
1261230085.0524
1261230085.0774
1261230085.1024
1261230085.1274
1261230085.1524
1261230085.1774
1261230085.2024
1261230085.2274
1261230085.2524
1261230085.2774
1261230085.3024
1261230085.3274
1261230085.3524
1261230085.3773
1261230085.4023
1261230085.4273
1261230085.4523
1261230085.4773
1261230085.5023
1261230085.5273
1261230085.5523
1261230085.5773
1261230085.6023
1261230085.6273
1261230085.6523
1261230085.6773
1261230085.7023
1261230085.7273
1261230085.7523
1261230085.7773
1261230085.8023
1261230085.8273
1261230085.8523
1261230085.8773
1261230085.9023
1261230085.9273
1261230085.9523
1261230085.9773
1261230086.0023
1261230086.0273
1261230086.0523
1261230086.0773
1261230086.1023
1261230086.1273
1261230086.1533
1261230086.1773
1261230086.2033
1261230086.2283
1261230086.2533
1261230086.2783
1261230086.3033
1261230086.3283
1261230086.3533
1261230086.3783
1261230086.4033
1261230086.4283
1261230086.4533
1261230086.4783
1261230086.5033
1261230086.5283
1261230086.5533
1261230086.5782
1261230086.6032
1261230086.6282
1261230086.6532
1261230086.6782
1261230086.7032
1261230086.7282
1261230086.7532
1261230086.7782
1261230086.8032
1261230086.8282
1261230086.8532
1261230086.8782
1261230086.9032
1261230086.9282
1261230086.9532
1261230086.9782
1261230087.0032
1261230087.0282
1261230087.0532
1261230087.0782
1261230087.1032
1261230087.1282
1261230087.1532
1261230087.2032
1261230087.2282
1261230087.2532
1261230087.2782
1261230087.3032
1261230087.3282
1261230087.3532
1261230087.3782
1261230087.4032
1261230087.4282
1261230087.4532
1261230087.4782
1261230087.5032
1261230087.5282
1261230087.5532
1261230087.5782
1261230087.6032
1261230087.6282
