1261229981.5998
1261229981.6248
1261229981.6498
1261229981.6748
1261229981.6988
1261229981.7238
1261229981.7488
1261229981.7738
1261229981.7988
1261229981.8238
1261229981.8488
1261229981.8738
1261229981.8988
1261229981.9238
1261229981.9488
1261229981.9738
1261229981.9988
1261229982.0238
1261229982.0488
1261229982.0738
1261229982.0978
1261229982.1228
1261229982.1478
1261229982.1728
1261229982.1978
1261229982.2228
1261229982.2478
1261229982.2728
1261229982.2978
1261229982.3228
1261229982.3478
1261229982.3728
1261229982.3977
1261229982.4227
1261229982.4477
1261229982.4717
1261229982.4967
1261229982.5217
1261229982.5467
1261229982.5717
1261229982.5967
1261229982.6217
1261229982.6467
1261229982.6717
1261229982.6967
1261229982.7217
1261229982.7467
1261229982.7717
1261229982.7967
1261229982.8217
1261229982.8467
1261229982.8707
1261229982.8957
1261229982.9207
1261229982.9457
1261229982.9707
1261229982.9957
1261229983.0207
1261229983.0457
1261229983.0707
1261229983.0957
1261229983.1207
1261229983.1457
1261229983.1707
1261229983.1957
1261229983.2207
1261229983.2457
1261229983.2697
1261229983.2947
1261229983.3197
1261229983.3447
1261229983.3697
1261229983.3947
1261229983.4197
1261229983.4447
1261229983.4697
1261229983.4947
1261229983.5197
1261229983.5447
1261229983.5697
1261229983.5946
1261229983.6196
1261229983.6436
1261229983.6686
1261229983.6936
1261229983.7186
1261229983.7436
1261229983.7686
1261229983.7936
1261229983.8186
1261229983.8436
1261229983.8686
1261229983.8936
1261229983.9186
1261229983.9436
1261229983.9686
1261229983.9936
1261229984.0186
1261229984.0436
1261229984.0676
1261229984.0926
1261229984.1176
1261229984.1426
1261229984.1676
1261229984.1926
1261229984.2176
1261229984.2426
1261229984.2676
1261229984.2926
1261229984.3176
1261229984.3426
1261229984.3676
1261229984.3926
1261229984.4176
1261229984.4416
1261229984.4666
1261229984.4916
1261229984.5166
1261229984.5416
1261229984.5666
1261229984.5916
1261229984.6166
1261229984.6416
1261229984.6666
1261229984.6916
1261229984.7166
1261229984.7416
1261229984.7666
1261229984.7915
1261229984.8165
1261229984.8405
1261229984.8655
1261229984.8905
1261229984.9155
1261229984.9405
1261229984.9655
1261229984.9905
1261229985.0155
1261229985.0405
1261229985.0655
1261229985.0905
1261229985.1155
1261229985.1405
1261229985.1655
1261229985.1905
1261229985.2155
1261229985.2395
1261229985.2645
1261229985.2895
1261229985.3145
1261229985.3395
1261229985.3645
1261229985.3895
1261229985.4145
1261229985.4395
1261229985.4645
1261229985.4895
1261229985.5145
1261229985.5395
1261229985.5645
1261229985.5895
1261229985.6145
1261229985.6385
1261229985.6635
1261229985.6885
1261229985.7135
1261229985.7385
1261229985.7635
1261229985.7885
1261229985.8135
1261229985.8385
1261229985.8635
1261229985.8885
1261229985.9135
1261229985.9385
1261229985.9635
1261229985.9885
1261229986.0134
1261229986.0374
1261229986.0624
1261229986.0874
1261229986.1124
1261229986.1374
1261229986.1624
1261229986.1874
1261229986.2124
1261229986.2374
1261229986.2624
1261229986.2874
1261229986.3124
1261229986.3374
1261229986.3624
1261229986.3874
1261229986.4124
1261229986.4364
1261229986.4614
1261229986.4864
1261229986.5114
1261229986.5364
1261229986.5614
1261229986.5864
1261229986.6114
1261229986.6364
1261229986.6614
1261229986.6864
1261229986.7114
1261229986.7364
1261229986.7614
1261229986.7864
1261229986.8114
1261229986.8354
1261229986.8604
1261229986.8854
1261229986.9104
1261229986.9354
1261229986.9604
1261229986.9854
1261229987.0104
1261229987.0354
1261229987.0604
1261229987.0854
1261229987.1104
1261229987.1354
1261229987.1604
1261229987.1854
1261229987.2103
1261229987.2343
1261229987.2593
1261229987.2843
1261229987.3093
1261229987.3343
1261229987.3593
1261229987.3843
1261229987.4093
1261229987.4343
1261229987.4593
1261229987.4843
1261229987.5093
1261229987.5343
1261229987.5593
1261229987.5843
1261229987.6093
1261229987.6333
1261229987.6583
1261229987.6833
1261229987.7083
1261229987.7333
1261229987.7583
1261229987.7833
1261229987.8083
1261229987.8333
1261229987.8583
1261229987.8833
1261229987.9083
1261229987.9333
1261229987.9583
1261229987.9833
1261229988.0073
1261229988.0323
1261229988.0573
1261229988.0823
1261229988.1073
1261229988.1323
1261229988.1573
1261229988.1823
1261229988.2073
1261229988.2323
1261229988.2573
1261229988.2823
1261229988.3073
1261229988.3323
1261229988.3573
1261229988.3823
1261229988.4072
1261229988.4312
1261229988.4562
1261229988.4812
1261229988.5062
1261229988.5312
1261229988.5562
1261229988.5812
1261229988.6062
1261229988.6312
1261229988.6562
1261229988.6812
1261229988.7062
1261229988.7312
1261229988.7562
1261229988.7812
1261229988.8062
1261229988.8302
1261229988.8552
1261229988.8802
1261229988.9052
1261229988.9302
1261229988.9552
1261229988.9802
1261229989.0052
1261229989.0302
1261229989.0552
1261229989.0802
1261229989.1052
1261229989.1302
1261229989.1552
1261229989.1802
1261229989.2052
1261229989.2292
1261229989.2542
1261229989.2792
1261229989.3042
1261229989.3292
1261229989.3542
1261229989.3792
1261229989.4042
1261229989.4292
1261229989.4542
1261229989.4792
1261229989.5042
1261229989.5292
1261229989.5542
1261229989.5792
1261229989.6041
1261229989.6281
1261229989.6531
1261229989.6781
1261229989.7031
1261229989.7281
1261229989.7531
1261229989.7781
1261229989.8031
1261229989.8281
1261229989.8531
1261229989.8781
1261229989.9031
1261229989.9281
1261229989.9531
1261229989.9781
1261229990.0021
1261229990.0271
1261229990.0521
1261229990.0771
1261229990.1021
1261229990.1271
1261229990.1521
1261229990.1771
1261229990.2021
1261229990.2271
1261229990.2521
1261229990.2771
1261229990.3021
1261229990.3271
1261229990.3521
1261229990.3771
1261229990.4011
1261229990.4261
1261229990.4511
1261229990.4761
1261229990.5011
1261229990.5261
1261229990.5511
1261229990.5761
1261229990.6011
1261229990.6261
1261229990.6511
1261229990.6761
1261229990.7011
1261229990.7261
1261229990.7511
1261229990.7761
1261229990.8000
1261229990.8250
1261229990.8500
1261229990.8750
1261229990.9000
1261229990.9250
1261229990.9500
1261229990.9750
1261229991.0000
1261229991.0250
1261229991.0500
1261229991.0750
1261229991.1000
1261229991.1250
1261229991.1500
1261229991.1750
1261229991.1990
1261229991.2240
1261229991.2490
1261229991.2740
1261229991.2990
1261229991.3240
1261229991.3490
1261229991.3740
1261229991.3990
1261229991.4240
1261229991.4490
1261229991.4740
1261229991.4990
1261229991.5240
1261229991.5490
1261229991.5740
1261229991.5980
1261229991.6230
1261229991.6480
1261229991.6730
1261229991.6980
1261229991.7230
1261229991.7480
1261229991.7730
1261229991.7980
1261229991.8230
1261229991.8480
1261229991.8730
1261229991.8980
1261229991.9230
1261229991.9480
1261229991.9730
1261229991.9969
1261229992.0219
1261229992.0469
1261229992.0719
1261229992.0969
1261229992.1219
1261229992.1469
1261229992.1719
1261229992.1969
1261229992.2219
1261229992.2469
1261229992.2719
1261229992.2969
1261229992.3219
1261229992.3469
1261229992.3719
1261229992.3969
1261229992.4209
1261229992.4459
1261229992.4709
1261229992.4959
1261229992.5209
1261229992.5459
1261229992.5709
1261229992.5959
1261229992.6209
1261229992.6459
1261229992.6709
1261229992.6959
1261229992.7209
1261229992.7459
1261229992.7709
1261229992.7959
1261229992.8199
1261229992.8449
1261229992.8699
1261229992.8949
1261229992.9199
1261229992.9449
1261229992.9699
1261229992.9949
1261229993.0199
1261229993.0449
1261229993.0699
1261229993.0949
1261229993.1199
1261229993.1449
1261229993.1699
1261229993.1948
1261229993.2188
1261229993.2438
1261229993.2688
1261229993.2938
1261229993.3188
1261229993.3438
1261229993.3688
1261229993.3938
1261229993.4188
1261229993.4438
1261229993.4688
1261229993.4938
1261229993.5188
1261229993.5438
1261229993.5688
1261229993.5938
1261229993.6178
1261229993.6428
1261229993.6678
1261229993.6928
1261229993.7178
1261229993.7428
1261229993.7678
1261229993.7928
1261229993.8178
1261229993.8428
1261229993.8678
1261229993.8928
1261229993.9178
1261229993.9428
1261229993.9678
1261229993.9928
1261229994.0168
1261229994.0418
1261229994.0668
1261229994.0918
1261229994.1168
1261229994.1418
1261229994.1668
1261229994.1918
1261229994.2168
1261229994.2418
1261229994.2668
1261229994.2918
1261229994.3168
1261229994.3408
1261229994.3668
1261229994.3917
1261229994.4167
1261229994.4407
1261229994.4657
1261229994.4907
1261229994.5157
1261229994.5407
1261229994.5657
1261229994.5907
1261229994.6157
1261229994.6407
1261229994.6657
1261229994.6907
1261229994.7157
1261229994.7407
1261229994.7657
1261229994.7907
1261229994.8157
1261229994.8397
1261229994.8647
1261229994.8897
1261229994.9147
1261229994.9397
1261229994.9647
1261229994.9897
1261229995.0147
1261229995.0397
1261229995.0647
1261229995.0897
1261229995.1147
1261229995.1397
1261229995.1647
1261229995.1897
1261229995.2147
1261229995.2387
1261229995.2637
1261229995.2887
1261229995.3137
1261229995.3387
1261229995.3637
1261229995.3887
1261229995.4137
1261229995.4387
1261229995.4637
1261229995.4887
1261229995.5137
1261229995.5387
1261229995.5637
1261229995.5886
1261229995.6126
1261229995.6376
1261229995.6626
1261229995.6876
1261229995.7126
1261229995.7376
1261229995.7626
1261229995.7876
1261229995.8126
1261229995.8376
1261229995.8626
1261229995.8876
1261229995.9126
1261229995.9376
1261229995.9626
1261229995.9876
1261229996.0116
1261229996.0366
1261229996.0616
1261229996.0866
1261229996.1116
1261229996.1366
1261229996.1616
1261229996.1866
1261229996.2116
1261229996.2366
1261229996.2616
1261229996.2866
1261229996.3116
1261229996.3366
1261229996.3616
1261229996.3866
1261229996.4116
1261229996.4356
1261229996.4606
1261229996.4856
1261229996.5106
1261229996.5356
1261229996.5606
1261229996.5856
1261229996.6106
1261229996.6356
1261229996.6606
1261229996.6856
1261229996.7106
1261229996.7356
1261229996.7606
1261229996.7856
1261229996.8105
1261229996.8345
1261229996.8595
1261229996.8845
1261229996.9095
1261229996.9345
1261229996.9595
1261229996.9845
1261229997.0095
1261229997.0345
1261229997.0595
1261229997.0845
1261229997.1095
1261229997.1345
1261229997.1595
1261229997.1845
1261229997.2085
1261229997.2335
1261229997.2585
1261229997.2835
1261229997.3085
1261229997.3335
1261229997.3585
1261229997.3835
1261229997.4085
1261229997.4335
1261229997.4585
1261229997.4835
1261229997.5085
1261229997.5335
1261229997.5585
1261229997.5835
1261229997.6085
1261229997.6325
1261229997.6575
1261229997.6825
1261229997.7075
1261229997.7325
1261229997.7575
1261229997.7825
1261229997.8075
1261229997.8325
1261229997.8575
1261229997.8825
1261229997.9075
1261229997.9325
1261229997.9575
1261229997.9825
1261229998.0074
1261229998.0324
1261229998.0564
1261229998.0814
1261229998.1064
1261229998.1314
1261229998.1564
1261229998.1814
1261229998.2064
1261229998.2314
1261229998.2564
1261229998.2814
1261229998.3064
1261229998.3314
1261229998.3564
1261229998.3814
1261229998.4064
1261229998.4304
1261229998.4554
1261229998.4804
1261229998.5054
1261229998.5304
1261229998.5554
1261229998.5804
1261229998.6054
1261229998.6304
1261229998.6554
1261229998.6804
1261229998.7054
1261229998.7304
1261229998.7554
1261229998.7804
1261229998.8054
1261229998.8304
1261229998.8544
1261229998.8794
1261229998.9044
1261229998.9294
1261229998.9544
1261229998.9794
1261229999.0044
1261229999.0294
1261229999.0544
1261229999.0794
1261229999.1044
1261229999.1294
1261229999.1544
1261229999.1794
1261229999.2043
1261229999.2293
1261229999.2533
1261229999.2783
1261229999.3033
1261229999.3283
1261229999.3533
1261229999.3783
1261229999.4033
1261229999.4283
1261229999.4533
1261229999.4783
1261229999.5033
1261229999.5283
1261229999.5533
1261229999.5783
1261229999.6033
1261229999.6283
1261229999.6533
1261229999.6773
1261229999.7023
1261229999.7273
1261229999.7523
1261229999.7773
1261229999.8023
1261229999.8273
1261229999.8523
1261229999.8773
1261229999.9023
1261229999.9273
1261229999.9523
1261229999.9773
1261230000.0023
1261230000.0273
1261230000.0513
1261230000.0763
1261230000.1013
1261230000.1263
1261230000.1513
1261230000.1763
1261230000.2013
1261230000.2263
1261230000.2513
1261230000.2763
1261230000.3013
1261230000.3263
1261230000.3513
1261230000.3763
1261230000.4012
1261230000.4262
1261230000.4502
1261230000.4752
1261230000.5002
1261230000.5252
1261230000.5502
1261230000.5752
1261230000.6002
1261230000.6252
1261230000.6502
1261230000.6752
1261230000.7002
1261230000.7252
1261230000.7502
1261230000.7752
1261230000.8002
1261230000.8252
1261230000.8502
1261230000.8742
1261230000.8992
1261230000.9242
1261230000.9492
1261230000.9742
1261230000.9992
1261230001.0242
1261230001.0492
1261230001.0742
1261230001.0992
1261230001.1242
1261230001.1492
1261230001.1742
1261230001.1992
1261230001.2242
1261230001.2492
1261230001.2732
1261230001.2982
1261230001.3232
1261230001.3482
1261230001.3732
1261230001.3982
1261230001.4232
1261230001.4482
1261230001.4732
1261230001.4982
1261230001.5232
1261230001.5482
1261230001.5732
1261230001.5981
1261230001.6231
1261230001.6481
1261230001.6721
1261230001.6971
1261230001.7221
1261230001.7471
1261230001.7721
1261230001.7971
1261230001.8221
1261230001.8471
1261230001.8721
1261230001.8971
1261230001.9221
1261230001.9471
1261230001.9721
1261230001.9971
1261230002.0221
1261230002.0471
1261230002.0721
1261230002.0961
1261230002.1211
1261230002.1461
1261230002.1711
1261230002.1961
1261230002.2211
1261230002.2461
1261230002.2711
1261230002.2961
1261230002.3211
1261230002.3461
1261230002.3711
1261230002.3961
1261230002.4211
1261230002.4461
1261230002.4701
1261230002.4951
1261230002.5201
1261230002.5451
1261230002.5701
1261230002.5951
1261230002.6201
1261230002.6451
1261230002.6701
1261230002.6951
1261230002.7201
1261230002.7451
1261230002.7701
1261230002.7950
1261230002.8200
1261230002.8450
1261230002.8700
1261230002.8950
1261230002.9190
1261230002.9440
1261230002.9690
1261230002.9940
1261230003.0190
1261230003.0440
1261230003.0690
1261230003.0940
1261230003.1190
1261230003.1440
1261230003.1690
1261230003.1940
1261230003.2190
1261230003.2440
1261230003.2690
1261230003.2940
1261230003.3180
1261230003.3430
1261230003.3680
1261230003.3930
1261230003.4180
1261230003.4430
1261230003.4680
1261230003.4930
1261230003.5180
1261230003.5430
1261230003.5680
1261230003.5930
1261230003.6180
1261230003.6430
1261230003.6680
1261230003.6930
1261230003.7170
1261230003.7420
1261230003.7670
1261230003.7920
1261230003.8170
1261230003.8420
1261230003.8670
1261230003.8920
1261230003.9170
1261230003.9420
1261230003.9670
1261230003.9919
1261230004.0169
1261230004.0419
1261230004.0669
1261230004.0919
1261230004.1159
1261230004.1409
1261230004.1659
1261230004.1909
1261230004.2159
1261230004.2409
1261230004.2659
1261230004.2909
1261230004.3159
1261230004.3409
1261230004.3659
1261230004.3909
1261230004.4159
1261230004.4409
1261230004.4659
1261230004.4909
1261230004.5159
1261230004.5399
1261230004.5649
1261230004.5899
1261230004.6149
1261230004.6399
1261230004.6649
1261230004.6899
1261230004.7149
1261230004.7399
1261230004.7649
1261230004.7899
1261230004.8149
1261230004.8399
1261230004.8649
1261230004.8899
1261230004.9149
1261230004.9389
1261230004.9639
1261230004.9889
1261230005.0139
1261230005.0389
1261230005.0639
1261230005.0889
1261230005.1139
1261230005.1389
1261230005.1639
1261230005.1888
1261230005.2138
1261230005.2388
1261230005.2638
1261230005.2888
1261230005.3138
1261230005.3378
1261230005.3628
1261230005.3878
1261230005.4128
1261230005.4378
1261230005.4628
1261230005.4878
1261230005.5128
1261230005.5378
1261230005.5628
1261230005.5878
1261230005.6128
1261230005.6378
1261230005.6628
1261230005.6878
1261230005.7128
1261230005.7368
1261230005.7618
1261230005.7868
1261230005.8118
1261230005.8368
1261230005.8618
1261230005.8868
1261230005.9118
1261230005.9368
1261230005.9618
1261230005.9868
1261230006.0118
1261230006.0368
1261230006.0618
1261230006.0868
1261230006.1118
1261230006.1368
1261230006.1608
1261230006.1858
1261230006.2108
1261230006.2358
1261230006.2608
1261230006.2858
1261230006.3108
1261230006.3358
1261230006.3608
1261230006.3858
1261230006.4107
1261230006.4357
1261230006.4607
1261230006.4857
1261230006.5107
1261230006.5357
1261230006.5597
1261230006.5847
1261230006.6097
1261230006.6347
1261230006.6597
1261230006.6847
1261230006.7097
1261230006.7347
1261230006.7597
1261230006.7847
1261230006.8097
1261230006.8347
1261230006.8597
1261230006.8847
1261230006.9097
1261230006.9347
1261230006.9587
1261230006.9837
1261230007.0087
1261230007.0337
1261230007.0587
1261230007.0837
1261230007.1087
1261230007.1337
1261230007.1587
1261230007.1837
1261230007.2087
1261230007.2337
1261230007.2587
1261230007.2837
1261230007.3087
1261230007.3337
1261230007.3587
1261230007.3827
1261230007.4077
1261230007.4327
1261230007.4577
1261230007.4827
1261230007.5077
1261230007.5327
1261230007.5577
1261230007.5827
1261230007.6076
1261230007.6326
1261230007.6576
1261230007.6826
1261230007.7076
1261230007.7326
1261230007.7576
1261230007.7826
1261230007.8066
1261230007.8316
1261230007.8566
1261230007.8816
1261230007.9066
1261230007.9316
1261230007.9566
1261230007.9816
1261230008.0066
1261230008.0316
1261230008.0566
1261230008.0816
1261230008.1066
1261230008.1316
1261230008.1566
1261230008.1816
1261230008.2056
1261230008.2306
1261230008.2556
1261230008.2806
1261230008.3056
1261230008.3306
1261230008.3556
1261230008.3806
1261230008.4056
1261230008.4306
1261230008.4556
1261230008.4806
1261230008.5056
1261230008.5306
1261230008.5556
1261230008.5796
1261230008.6056
1261230008.6296
1261230008.6546
1261230008.6796
1261230008.7046
1261230008.7296
1261230008.7546
1261230008.7796
1261230008.8045
1261230008.8295
1261230008.8545
1261230008.8795
1261230008.9045
1261230008.9295
1261230008.9545
1261230008.9795
1261230009.0045
1261230009.0285
1261230009.0535
1261230009.0785
1261230009.1035
1261230009.1285
1261230009.1535
1261230009.1785
1261230009.2035
1261230009.2285
1261230009.2535
1261230009.2785
1261230009.3035
1261230009.3285
1261230009.3535
1261230009.3785
1261230009.4035
1261230009.4285
1261230009.4525
1261230009.4775
1261230009.5025
1261230009.5275
1261230009.5525
1261230009.5775
1261230009.6025
1261230009.6275
1261230009.6525
1261230009.6775
1261230009.7025
1261230009.7275
1261230009.7525
1261230009.7775
1261230009.8025
1261230009.8275
1261230009.8515
1261230009.8765
1261230009.9015
1261230009.9265
1261230009.9515
1261230009.9765
1261230010.0014
1261230010.0264
1261230010.0514
1261230010.0764
1261230010.1014
1261230010.1264
1261230010.1514
1261230010.1764
1261230010.2014
1261230010.2264
1261230010.2504
1261230010.2754
1261230010.3004
1261230010.3254
1261230010.3504
1261230010.3754
1261230010.4004
1261230010.4254
1261230010.4504
1261230010.4754
1261230010.5004
1261230010.5254
1261230010.5504
1261230010.5754
1261230010.6004
1261230010.6254
1261230010.6504
1261230010.6744
1261230010.6994
1261230010.7244
1261230010.7494
1261230010.7744
1261230010.7994
1261230010.8244
1261230010.8494
1261230010.8744
1261230010.8994
1261230010.9244
1261230010.9494
1261230010.9744
1261230010.9994
1261230011.0244
1261230011.0494
1261230011.0734
1261230011.0984
1261230011.1234
1261230011.1484
1261230011.1734
1261230011.1983
1261230011.2233
1261230011.2483
1261230011.2733
1261230011.2983
1261230011.3233
1261230011.3483
1261230011.3733
1261230011.3983
1261230011.4233
1261230011.4483
1261230011.4733
1261230011.4973
1261230011.5223
1261230011.5473
1261230011.5723
1261230011.5973
1261230011.6223
1261230011.6473
1261230011.6723
1261230011.6973
1261230011.7223
1261230011.7473
1261230011.7723
1261230011.7973
1261230011.8223
1261230011.8473
1261230011.8723
1261230011.8963
1261230011.9213
1261230011.9463
1261230011.9713
1261230011.9963
1261230012.0213
1261230012.0463
1261230012.0713
1261230012.0963
1261230012.1213
1261230012.1463
1261230012.1713
1261230012.1963
1261230012.2213
1261230012.2463
1261230012.2713
1261230012.2953
1261230012.3203
1261230012.3453
1261230012.3703
1261230012.3952
1261230012.4202
1261230012.4452
1261230012.4702
1261230012.4952
1261230012.5202
1261230012.5452
1261230012.5702
1261230012.5952
1261230012.6202
1261230012.6452
1261230012.6702
1261230012.6952
1261230012.7192
1261230012.7442
1261230012.7692
1261230012.7942
1261230012.8192
1261230012.8442
1261230012.8692
1261230012.8942
1261230012.9192
1261230012.9442
1261230012.9692
1261230012.9942
1261230013.0192
1261230013.0442
1261230013.0692
1261230013.0942
1261230013.1192
1261230013.1432
1261230013.1682
1261230013.1932
1261230013.2182
1261230013.2432
1261230013.2682
1261230013.2932
1261230013.3182
1261230013.3432
1261230013.3682
1261230013.3932
1261230013.4182
1261230013.4432
1261230013.4682
1261230013.4932
1261230013.5182
1261230013.5422
1261230013.5672
1261230013.5921
1261230013.6171
1261230013.6421
1261230013.6671
1261230013.6921
1261230013.7171
1261230013.7421
1261230013.7671
1261230013.7921
1261230013.8171
1261230013.8421
1261230013.8671
1261230013.8921
1261230013.9171
1261230013.9421
1261230013.9661
1261230013.9911
1261230014.0161
1261230014.0411
1261230014.0661
1261230014.0911
1261230014.1161
1261230014.1411
1261230014.1661
1261230014.1911
1261230014.2161
1261230014.2411
1261230014.2661
1261230014.2911
1261230014.3161
1261230014.3411
1261230014.3661
1261230014.3901
1261230014.4151
1261230014.4401
1261230014.4651
1261230014.4901
1261230014.5151
1261230014.5401
1261230014.5651
1261230014.5901
1261230014.6151
1261230014.6401
1261230014.6651
1261230014.6901
1261230014.7151
1261230014.7401
1261230014.7651
1261230014.7891
1261230014.8140
1261230014.8390
1261230014.8640
1261230014.8890
1261230014.9140
1261230014.9390
1261230014.9640
1261230014.9890
1261230015.0140
1261230015.0390
1261230015.0640
1261230015.0890
1261230015.1140
1261230015.1390
1261230015.1640
1261230015.1890
1261230015.2130
1261230015.2380
1261230015.2630
1261230015.2880
1261230015.3130
1261230015.3380
1261230015.3630
1261230015.3880
1261230015.4130
1261230015.4380
1261230015.4630
1261230015.4880
1261230015.5130
1261230015.5380
1261230015.5630
1261230015.5880
1261230015.6130
1261230015.6370
1261230015.6620
1261230015.6870
1261230015.7120
1261230015.7370
1261230015.7620
1261230015.7870
1261230015.8120
1261230015.8370
1261230015.8620
1261230015.8870
1261230015.9120
1261230015.9370
1261230015.9620
1261230015.9870
1261230016.0119
1261230016.0359
1261230016.0609
1261230016.0859
1261230016.1109
1261230016.1359
1261230016.1609
1261230016.1859
1261230016.2109
1261230016.2359
1261230016.2609
1261230016.2859
1261230016.3359
1261230016.3609
1261230016.3859
1261230016.4109
1261230016.4359
1261230016.4599
1261230016.4849
1261230016.5349
1261230016.5599
1261230016.5849
1261230016.6099
1261230016.6349
1261230016.6599
1261230016.6849
1261230016.7099
1261230016.7349
1261230016.7599
1261230016.7849
1261230016.8099
1261230016.8349
1261230016.8589
1261230016.8839
1261230016.9089
1261230016.9339
1261230016.9589
1261230016.9839
1261230017.0089
1261230017.0339
1261230017.0589
1261230017.0839
1261230017.1089
1261230017.1339
1261230017.1589
1261230017.1839
1261230017.2088
1261230017.2338
1261230017.2588
1261230017.2828
1261230017.3078
1261230017.3328
1261230017.3578
1261230017.3828
1261230017.4078
1261230017.4328
1261230017.4578
1261230017.4828
1261230017.5078
1261230017.5328
1261230017.5578
1261230017.5828
1261230017.6078
1261230017.6328
1261230017.6578
1261230017.6818
1261230017.7068
1261230017.7318
1261230017.7568
1261230017.7818
1261230017.8068
1261230017.8318
1261230017.8568
1261230017.8818
1261230017.9068
1261230017.9318
1261230017.9568
1261230017.9818
1261230018.0068
1261230018.0308
1261230018.0568
1261230018.0818
1261230018.1058
1261230018.1308
1261230018.1558
1261230018.1808
1261230018.2058
1261230018.2308
1261230018.2558
1261230018.2808
1261230018.3058
1261230018.3308
1261230018.3558
1261230018.3808
1261230018.4057
1261230018.4307
1261230018.4557
1261230018.4807
1261230018.5057
1261230018.5297
1261230018.5547
1261230018.5797
1261230018.6047
1261230018.6297
1261230018.6547
1261230018.6797
1261230018.7047
1261230018.7297
1261230018.7547
1261230018.7797
1261230018.8047
1261230018.8297
1261230018.8547
1261230018.8797
1261230018.9047
1261230018.9287
1261230018.9537
1261230018.9787
1261230019.0037
1261230019.0287
1261230019.0537
1261230019.0787
1261230019.1037
1261230019.1287
1261230019.1537
1261230019.1787
1261230019.2037
1261230019.2287
1261230019.2537
1261230019.2787
1261230019.3037
1261230019.3287
1261230019.3527
1261230019.3777
1261230019.4027
1261230019.4277
1261230019.4527
1261230019.4777
1261230019.5027
1261230019.5277
1261230019.5527
1261230019.5777
1261230019.6026
1261230019.6276
1261230019.6526
1261230019.6776
1261230019.7026
1261230019.7276
1261230019.7526
1261230019.7766
1261230019.8016
1261230019.8266
1261230019.8516
1261230019.8766
1261230019.9016
1261230019.9266
1261230019.9516
1261230019.9766
1261230020.0016
1261230020.0266
1261230020.0516
1261230020.0766
1261230020.1266
1261230020.1516
1261230020.1766
1261230020.2006
1261230020.2256
1261230020.2506
1261230020.2756
1261230020.3256
1261230020.3506
1261230020.3756
1261230020.4006
1261230020.4256
1261230020.4506
1261230020.4756
1261230020.5006
1261230020.5256
1261230020.5506
1261230020.5756
1261230020.5996
1261230020.6246
1261230020.6496
1261230020.6746
1261230020.6996
1261230020.7246
1261230020.7496
1261230020.7746
1261230020.7995
1261230020.8245
1261230020.8495
1261230020.8745
1261230020.8995
1261230020.9245
1261230020.9495
1261230020.9745
1261230020.9995
1261230021.0235
1261230021.0485
1261230021.0735
1261230021.0985
1261230021.1235
1261230021.1485
1261230021.1735
1261230021.1985
1261230021.2235
1261230021.2485
1261230021.2735
1261230021.2985
1261230021.3235
1261230021.3485
1261230021.3735
1261230021.3985
1261230021.4235
1261230021.4475
1261230021.4725
1261230021.4975
1261230021.5225
1261230021.5475
1261230021.5725
1261230021.5975
1261230021.6225
1261230021.6475
1261230021.6725
1261230021.6975
1261230021.7225
1261230021.7475
1261230021.7725
1261230021.7975
1261230021.8225
1261230021.8465
1261230021.8715
1261230021.8965
1261230021.9215
1261230021.9465
1261230021.9715
1261230021.9964
1261230022.0214
1261230022.0464
1261230022.0714
1261230022.0964
1261230022.1214
1261230022.1464
1261230022.1714
1261230022.1964
1261230022.2214
1261230022.2464
1261230022.2704
1261230022.2954
1261230022.3204
1261230022.3454
1261230022.3704
1261230022.3954
1261230022.4204
1261230022.4454
1261230022.4704
1261230022.4954
1261230022.5204
1261230022.5454
1261230022.5704
1261230022.5954
1261230022.6204
1261230022.6454
1261230022.6704
1261230022.6944
1261230022.7194
1261230022.7444
1261230022.7694
1261230022.7944
1261230022.8194
1261230022.8444
1261230022.8694
1261230022.8944
1261230022.9194
1261230022.9444
1261230022.9694
1261230022.9944
1261230023.0194
1261230023.0444
1261230023.0694
1261230023.0934
1261230023.1184
1261230023.1434
1261230023.1684
1261230023.1933
1261230023.2183
1261230023.2433
1261230023.2683
1261230023.2933
1261230023.3183
1261230023.3433
1261230023.3683
1261230023.3933
1261230023.4183
1261230023.4433
1261230023.4683
1261230023.4923
1261230023.5173
1261230023.5423
1261230023.5673
1261230023.5923
1261230023.6173
1261230023.6423
1261230023.6673
1261230023.6923
1261230023.7173
1261230023.7423
1261230023.7673
1261230023.7923
1261230023.8173
1261230023.8423
1261230023.8673
1261230023.8923
1261230023.9163
1261230023.9413
1261230023.9663
1261230023.9913
1261230024.0163
1261230024.0413
1261230024.0663
1261230024.0913
1261230024.1163
1261230024.1413
1261230024.1663
1261230024.1913
1261230024.2163
1261230024.2413
1261230024.2663
1261230024.2913
1261230024.3163
1261230024.3403
1261230024.3653
1261230024.3902
1261230024.4152
1261230024.4402
1261230024.4652
1261230024.4902
1261230024.5152
1261230024.5402
1261230024.5652
1261230024.5902
1261230024.6152
1261230024.6402
1261230024.6652
1261230024.6902
1261230024.7152
1261230024.7402
1261230024.7642
1261230024.7892
1261230024.8142
1261230024.8392
1261230024.8642
1261230024.8892
1261230024.9142
1261230024.9392
1261230024.9642
1261230024.9892
1261230025.0142
1261230025.0392
1261230025.0642
1261230025.0892
1261230025.1142
1261230025.1392
1261230025.1632
1261230025.1882
1261230025.2132
1261230025.2382
1261230025.2632
1261230025.2882
1261230025.3132
1261230025.3382
1261230025.3632
1261230025.3882
1261230025.4132
1261230025.4382
1261230025.4632
1261230025.4882
1261230025.5132
1261230025.5382
1261230025.5632
1261230025.5872
1261230025.6121
1261230025.6371
1261230025.6621
1261230025.6871
1261230025.7121
1261230025.7371
1261230025.7621
1261230025.7871
1261230025.8121
1261230025.8371
1261230025.8621
1261230025.8871
1261230025.9121
1261230025.9371
1261230025.9621
1261230025.9861
1261230026.0111
1261230026.0361
1261230026.0611
1261230026.0861
1261230026.1111
1261230026.1361
1261230026.1611
1261230026.1861
1261230026.2111
1261230026.2361
1261230026.2611
1261230026.2861
1261230026.3111
1261230026.3361
1261230026.3611
1261230026.3851
1261230026.4101
1261230026.4351
1261230026.4601
1261230026.4851
1261230026.5101
1261230026.5351
1261230026.5601
1261230026.5851
1261230026.6101
1261230026.6351
1261230026.6601
1261230026.6851
1261230026.7101
1261230026.7351
1261230026.7601
1261230026.7851
1261230026.8100
1261230026.8340
1261230026.8590
1261230026.8840
1261230026.9090
1261230026.9340
1261230026.9590
1261230026.9840
1261230027.0090
1261230027.0340
1261230027.0590
1261230027.0840
1261230027.1090
1261230027.1340
1261230027.1590
1261230027.1840
1261230027.2090
1261230027.2330
1261230027.2580
1261230027.2830
1261230027.3080
1261230027.3330
1261230027.3580
1261230027.3830
1261230027.4080
1261230027.4330
1261230027.4580
1261230027.4830
1261230027.5080
1261230027.5330
1261230027.5580
1261230027.5830
1261230027.6080
1261230027.6330
1261230027.6570
1261230027.6820
1261230027.7070
1261230027.7320
1261230027.7570
1261230027.7820
1261230027.8070
1261230027.8320
1261230027.8570
1261230027.8820
1261230027.9070
1261230027.9320
1261230027.9570
1261230027.9820
1261230028.0069
1261230028.0319
1261230028.0559
1261230028.0809
1261230028.1059
1261230028.1309
1261230028.1559
1261230028.1809
1261230028.2059
1261230028.2309
1261230028.2559
1261230028.2809
1261230028.3059
1261230028.3309
1261230028.3559
1261230028.3809
1261230028.4059
1261230028.4309
1261230028.4549
1261230028.4799
1261230028.5049
1261230028.5299
1261230028.5549
1261230028.5799
1261230028.6049
1261230028.6299
1261230028.6549
1261230028.6799
1261230028.7049
1261230028.7299
1261230028.7549
1261230028.7799
1261230028.8049
1261230028.8299
1261230028.8549
1261230028.8789
1261230028.9039
1261230028.9289
1261230028.9539
1261230028.9789
1261230029.0039
1261230029.0289
1261230029.0539
1261230029.0789
1261230029.1039
1261230029.1289
1261230029.1539
1261230029.1789
1261230029.2038
1261230029.2288
1261230029.2538
1261230029.2788
1261230029.3028
1261230029.3278
1261230029.3528
1261230029.3778
1261230029.4028
1261230029.4278
1261230029.4528
1261230029.4778
1261230029.5028
1261230029.5278
1261230029.5528
1261230029.5778
1261230029.6028
1261230029.6278
1261230029.6528
1261230029.6778
1261230029.7028
1261230029.7268
1261230029.7518
1261230029.7768
1261230029.8018
1261230029.8268
1261230029.8518
1261230029.8768
1261230029.9018
1261230029.9268
1261230029.9518
1261230029.9768
1261230030.0018
1261230030.0268
1261230030.0518
1261230030.0768
1261230030.1018
1261230030.1258
1261230030.1508
1261230030.1758
1261230030.2008
1261230030.2258
1261230030.2508
1261230030.2758
1261230030.3008
1261230030.3258
1261230030.3508
1261230030.3758
1261230030.4007
1261230030.4257
1261230030.4507
1261230030.4757
1261230030.5007
1261230030.5257
1261230030.5497
1261230030.5747
1261230030.5997
1261230030.6247
1261230030.6497
1261230030.6747
1261230030.6997
1261230030.7247
1261230030.7497
1261230030.7747
1261230030.7997
1261230030.8247
1261230030.8497
1261230030.8747
1261230030.8997
1261230030.9247
1261230030.9487
1261230030.9737
1261230030.9987
1261230031.0237
1261230031.0487
1261230031.0737
1261230031.0987
1261230031.1237
1261230031.1487
1261230031.1737
1261230031.1987
1261230031.2237
1261230031.2487
1261230031.2737
1261230031.2987
1261230031.3237
1261230031.3487
1261230031.3727
1261230031.3977
1261230031.4227
1261230031.4477
1261230031.4727
1261230031.4977
1261230031.5227
1261230031.5477
1261230031.5727
1261230031.5976
1261230031.6226
1261230031.6476
1261230031.6726
1261230031.6976
1261230031.7216
1261230031.7476
1261230031.7726
1261230031.7966
1261230031.8216
1261230031.8466
1261230031.8716
1261230031.8966
1261230031.9216
1261230031.9466
1261230031.9716
1261230031.9966
1261230032.0216
1261230032.0466
1261230032.0716
1261230032.0966
1261230032.1216
1261230032.1466
1261230032.1716
1261230032.1956
1261230032.2206
1261230032.2456
1261230032.2706
1261230032.2956
1261230032.3206
1261230032.3456
1261230032.3706
1261230032.3956
1261230032.4206
1261230032.4456
1261230032.4706
1261230032.4956
1261230032.5206
1261230032.5456
1261230032.5706
1261230032.5946
1261230032.6196
1261230032.6446
1261230032.6696
1261230032.6946
1261230032.7196
1261230032.7446
1261230032.7696
1261230032.7945
1261230032.8195
1261230032.8445
1261230032.8695
1261230032.8945
1261230032.9195
1261230032.9445
1261230032.9695
1261230032.9935
1261230033.0185
1261230033.0435
1261230033.0685
1261230033.0935
1261230033.1185
1261230033.1435
1261230033.1685
1261230033.1935
1261230033.2185
1261230033.2435
1261230033.2685
1261230033.2935
1261230033.3185
1261230033.3435
1261230033.3685
1261230033.3935
1261230033.4175
1261230033.4425
1261230033.4675
1261230033.4925
1261230033.5175
1261230033.5425
1261230033.5675
1261230033.5925
1261230033.6175
1261230033.6425
1261230033.6675
1261230033.6925
1261230033.7175
1261230033.7425
1261230033.7675
1261230033.7925
1261230033.8175
1261230033.8415
1261230033.8665
1261230033.8915
1261230033.9165
1261230033.9415
1261230033.9665
1261230033.9914
1261230034.0164
1261230034.0414
1261230034.0664
1261230034.0914
1261230034.1164
1261230034.1414
1261230034.1664
1261230034.1914
1261230034.2164
1261230034.2414
1261230034.2654
1261230034.2904
1261230034.3154
1261230034.3404
1261230034.3654
1261230034.3904
1261230034.4154
1261230034.4404
1261230034.4654
1261230034.4904
1261230034.5154
1261230034.5404
1261230034.5654
1261230034.5904
1261230034.6154
1261230034.6394
1261230034.6644
1261230034.6894
1261230034.7144
1261230034.7394
1261230034.7644
1261230034.7894
1261230034.8144
1261230034.8394
1261230034.8644
1261230034.8894
1261230034.9144
1261230034.9394
1261230034.9644
1261230034.9894
1261230035.0144
1261230035.0394
1261230035.0644
1261230035.0884
1261230035.1134
1261230035.1384
1261230035.1634
1261230035.1883
1261230035.2133
1261230035.2383
1261230035.2633
1261230035.2883
1261230035.3133
1261230035.3383
1261230035.3633
1261230035.3883
1261230035.4133
1261230035.4383
1261230035.4633
1261230035.4873
1261230035.5123
1261230035.5373
1261230035.5623
1261230035.5873
1261230035.6123
1261230035.6373
1261230035.6623
1261230035.6873
1261230035.7123
1261230035.7373
1261230035.7623
1261230035.8123
1261230035.8373
1261230035.8623
1261230035.8873
1261230035.9113
1261230035.9363
1261230035.9613
1261230035.9863
1261230036.0113
1261230036.0363
1261230036.0613
1261230036.0863
1261230036.1113
1261230036.1363
1261230036.1613
1261230036.1863
1261230036.2113
1261230036.2613
1261230036.2863
1261230036.3103
1261230036.3353
1261230036.3603
1261230036.3853
1261230036.4102
1261230036.4352
1261230036.4602
1261230036.4852
1261230036.5102
1261230036.5352
1261230036.5602
1261230036.5852
1261230036.6102
1261230036.6352
1261230036.6602
1261230036.6852
1261230036.7092
1261230036.7342
1261230036.7592
1261230036.7842
1261230036.8092
1261230036.8342
1261230036.8592
1261230036.8842
1261230036.9092
1261230036.9342
1261230036.9592
1261230036.9842
1261230037.0092
1261230037.0342
1261230037.0592
1261230037.0842
1261230037.1092
1261230037.1332
1261230037.1582
1261230037.1832
1261230037.2082
1261230037.2332
1261230037.2582
1261230037.2832
1261230037.3082
1261230037.3332
1261230037.3582
1261230037.3832
1261230037.4082
1261230037.4332
1261230037.4582
1261230037.4832
1261230037.5082
1261230037.5332
1261230037.5572
1261230037.5822
1261230037.6071
1261230037.6321
1261230037.6571
1261230037.6821
1261230037.7071
1261230037.7321
1261230037.7571
1261230037.7821
1261230037.8071
1261230037.8321
1261230037.8571
1261230037.8821
1261230037.9071
1261230037.9321
1261230037.9571
1261230037.9811
1261230038.0061
1261230038.0311
1261230038.0561
1261230038.0811
1261230038.1061
1261230038.1311
1261230038.1561
1261230038.1811
1261230038.2061
1261230038.2311
1261230038.2561
1261230038.2811
1261230038.3061
1261230038.3311
1261230038.3551
1261230038.3801
1261230038.4051
1261230038.4301
1261230038.4551
1261230038.4801
1261230038.5051
1261230038.5301
1261230038.5551
1261230038.5801
1261230038.6051
1261230038.6301
1261230038.6551
1261230038.6801
1261230038.7041
1261230038.7301
1261230038.7551
1261230038.7801
1261230038.8040
1261230038.8290
1261230038.8540
1261230038.8790
1261230038.9040
1261230038.9290
1261230038.9540
1261230038.9790
1261230039.0040
1261230039.0290
1261230039.0540
1261230039.0790
1261230039.1040
1261230039.1290
1261230039.1540
1261230039.1790
1261230039.2030
1261230039.2280
1261230039.2530
1261230039.2780
1261230039.3030
1261230039.3280
1261230039.3530
1261230039.3780
1261230039.4030
1261230039.4280
1261230039.4530
1261230039.4780
1261230039.5030
1261230039.5280
1261230039.5530
1261230039.5780
1261230039.6030
1261230039.6270
1261230039.6520
1261230039.6770
1261230039.7020
1261230039.7270
1261230039.7520
1261230039.7770
1261230039.8020
1261230039.8270
1261230039.8520
1261230039.8770
1261230039.9020
1261230039.9270
1261230039.9520
1261230039.9770
1261230040.0019
1261230040.0269
1261230040.0509
1261230040.0759
1261230040.1009
1261230040.1259
1261230040.1509
1261230040.1759
1261230040.2009
1261230040.2259
1261230040.2509
1261230040.2759
1261230040.3009
1261230040.3259
1261230040.3509
1261230040.3759
1261230040.4009
1261230040.4259
1261230040.4509
1261230040.4749
1261230040.4999
1261230040.5249
1261230040.5499
1261230040.5749
1261230040.5999
1261230040.6249
1261230040.6499
1261230040.6749
1261230040.6999
1261230040.7249
1261230040.7499
1261230040.7749
1261230040.7999
1261230040.8249
1261230040.8499
1261230040.8739
1261230040.8989
1261230040.9239
1261230040.9489
1261230040.9739
1261230040.9989
1261230041.0239
1261230041.0489
1261230041.0739
1261230041.0989
1261230041.1239
1261230041.1489
1261230041.1739
1261230041.1988
1261230041.2238
1261230041.2488
1261230041.2738
1261230041.2978
1261230041.3228
1261230041.3478
1261230041.3728
1261230041.3978
1261230041.4228
1261230041.4478
1261230041.4728
1261230041.4978
1261230041.5228
1261230041.5478
1261230041.5728
1261230041.5978
1261230041.6228
1261230041.6478
1261230041.6728
1261230041.6978
1261230041.7218
1261230041.7468
1261230041.7718
1261230041.7968
1261230041.8218
1261230041.8468
1261230041.8718
1261230041.8968
1261230041.9218
1261230041.9468
1261230041.9718
1261230041.9968
1261230042.0218
1261230042.0468
1261230042.0718
1261230042.0968
1261230042.1218
1261230042.1458
1261230042.1708
1261230042.1958
1261230042.2208
1261230042.2458
1261230042.2708
1261230042.2958
1261230042.3208
1261230042.3458
1261230042.3708
1261230042.3957
1261230042.4207
1261230042.4457
1261230042.4707
1261230042.4957
1261230042.5197
1261230042.5447
1261230042.5697
1261230042.5947
1261230042.6197
1261230042.6447
1261230042.6697
1261230042.6947
1261230042.7197
1261230042.7447
1261230042.7697
1261230042.7947
1261230042.8197
1261230042.8447
1261230042.8697
1261230042.8947
1261230042.9197
1261230042.9447
1261230042.9687
1261230042.9937
1261230043.0187
1261230043.0437
1261230043.0687
1261230043.0937
1261230043.1187
1261230043.1437
1261230043.1687
1261230043.1937
1261230043.2187
1261230043.2437
1261230043.2687
1261230043.2937
1261230043.3187
1261230043.3437
1261230043.3677
1261230043.3927
1261230043.4177
1261230043.4427
1261230043.4677
1261230043.4927
1261230043.5177
1261230043.5427
1261230043.5677
1261230043.5926
1261230043.6176
1261230043.6426
1261230043.6676
1261230043.6926
1261230043.7176
1261230043.7426
1261230043.7676
1261230043.7926
1261230043.8166
1261230043.8416
1261230043.8666
1261230043.8916
1261230043.9166
1261230043.9416
1261230043.9666
1261230043.9916
1261230044.0166
1261230044.0416
1261230044.0666
1261230044.0916
1261230044.1166
1261230044.1416
1261230044.1666
1261230044.1916
1261230044.2166
1261230044.2406
1261230044.2656
1261230044.2906
1261230044.3156
1261230044.3406
1261230044.3656
1261230044.3906
1261230044.4156
1261230044.4406
1261230044.4656
1261230044.4906
1261230044.5156
1261230044.5406
1261230044.5656
1261230044.5906
1261230044.6156
1261230044.6406
1261230044.6646
1261230044.6896
1261230044.7146
1261230044.7396
1261230044.7646
1261230044.7896
1261230044.8145
1261230044.8395
1261230044.8645
1261230044.8895
1261230044.9145
1261230044.9395
1261230044.9645
1261230044.9895
1261230045.0145
1261230045.0395
1261230045.0645
1261230045.0885
1261230045.1135
1261230045.1385
1261230045.1635
1261230045.1885
1261230045.2135
1261230045.2385
1261230045.2635
1261230045.2885
1261230045.3135
1261230045.3385
1261230045.3635
1261230045.3885
1261230045.4135
1261230045.4385
1261230045.4635
1261230045.4875
1261230045.5125
1261230045.5375
1261230045.5625
1261230045.5875
1261230045.6125
1261230045.6375
1261230045.6625
1261230045.6875
1261230045.7125
1261230045.7375
1261230045.7625
1261230045.7875
1261230045.8125
1261230045.8375
1261230045.8625
1261230045.8875
1261230045.9115
1261230045.9365
1261230045.9615
1261230045.9865
1261230046.0114
1261230046.0364
1261230046.0614
1261230046.0864
1261230046.1114
1261230046.1364
1261230046.1614
1261230046.1864
1261230046.2114
1261230046.2364
1261230046.2614
1261230046.2864
1261230046.3114
1261230046.3364
1261230046.3604
1261230046.3854
1261230046.4104
1261230046.4354
1261230046.4604
1261230046.4854
1261230046.5104
1261230046.5354
1261230046.5604
1261230046.5854
1261230046.6104
1261230046.6354
1261230046.6604
1261230046.6854
1261230046.7104
1261230046.7354
1261230046.7604
1261230046.7844
1261230046.8094
1261230046.8344
1261230046.8594
1261230046.8844
1261230046.9094
1261230046.9344
1261230046.9594
1261230046.9844
1261230047.0094
1261230047.0344
1261230047.0594
1261230047.0844
1261230047.1094
1261230047.1344
1261230047.1594
1261230047.1844
1261230047.2083
1261230047.2333
1261230047.2583
1261230047.2833
1261230047.3083
1261230047.3333
1261230047.3583
1261230047.3833
1261230047.4083
1261230047.4333
1261230047.4583
1261230047.4833
1261230047.5083
1261230047.5333
1261230047.5583
1261230047.5833
1261230047.6083
1261230047.6323
1261230047.6573
1261230047.6823
1261230047.7073
1261230047.7323
1261230047.7573
1261230047.7823
1261230047.8073
1261230047.8323
1261230047.8573
1261230047.8823
1261230047.9073
1261230047.9323
1261230047.9573
1261230047.9823
1261230048.0073
1261230048.0313
1261230048.0563
1261230048.0813
1261230048.1063
1261230048.1313
1261230048.1563
1261230048.1813
1261230048.2063
1261230048.2313
1261230048.2563
1261230048.2813
1261230048.3063
1261230048.3313
1261230048.3563
1261230048.3813
1261230048.4062
1261230048.4312
1261230048.4562
1261230048.4802
1261230048.5052
1261230048.5302
1261230048.5552
1261230048.5802
1261230048.6052
1261230048.6302
1261230048.6552
1261230048.6802
1261230048.7052
1261230048.7302
1261230048.7552
1261230048.7802
1261230048.8052
1261230048.8302
1261230048.8552
1261230048.8802
1261230048.9052
1261230048.9292
1261230048.9542
1261230048.9792
1261230049.0042
1261230049.0292
1261230049.0542
1261230049.0792
1261230049.1042
1261230049.1292
1261230049.1542
1261230049.1792
1261230049.2042
1261230049.2292
1261230049.2542
1261230049.2792
1261230049.3042
1261230049.3292
1261230049.3532
1261230049.3782
1261230049.4032
1261230049.4282
1261230049.4532
1261230049.4782
1261230049.5032
1261230049.5282
1261230049.5532
1261230049.5782
1261230049.6031
1261230049.6281
1261230049.6531
1261230049.6781
1261230049.7031
1261230049.7281
1261230049.7531
1261230049.7771
1261230049.8021
1261230049.8271
1261230049.8521
1261230049.8771
1261230049.9021
1261230049.9271
1261230049.9521
1261230049.9771
1261230050.0021
1261230050.0271
1261230050.0521
1261230050.0771
1261230050.1021
1261230050.1271
1261230050.1521
1261230050.1771
1261230050.2011
1261230050.2261
1261230050.2511
1261230050.2761
1261230050.3011
1261230050.3261
1261230050.3511
1261230050.3761
1261230050.4011
1261230050.4261
1261230050.4511
1261230050.4761
1261230050.5011
1261230050.5261
1261230050.5511
1261230050.5761
1261230050.6011
1261230050.6261
1261230050.6501
1261230050.6751
1261230050.7001
1261230050.7251
1261230050.7501
1261230050.7751
1261230050.8000
1261230050.8250
1261230050.8500
1261230050.8750
1261230050.9000
1261230050.9250
1261230050.9500
1261230050.9750
1261230051.0000
1261230051.0250
1261230051.0500
1261230051.0740
1261230051.0990
1261230051.1240
1261230051.1490
1261230051.1740
1261230051.1990
1261230051.2240
1261230051.2490
1261230051.2740
1261230051.2990
1261230051.3240
1261230051.3490
1261230051.3740
1261230051.3990
1261230051.4240
1261230051.4490
1261230051.4740
1261230051.4990
1261230051.5230
1261230051.5480
1261230051.5730
1261230051.5980
1261230051.6230
1261230051.6480
1261230051.6730
1261230051.6980
1261230051.7230
1261230051.7480
1261230051.7730
1261230051.7980
1261230051.8230
1261230051.8480
1261230051.8730
1261230051.8980
1261230051.9230
1261230051.9470
1261230051.9720
1261230051.9969
1261230052.0219
1261230052.0469
1261230052.0719
1261230052.0969
1261230052.1219
1261230052.1469
1261230052.1719
1261230052.1969
1261230052.2219
1261230052.2469
1261230052.2719
1261230052.2969
1261230052.3219
1261230052.3469
1261230052.3719
1261230052.3959
1261230052.4209
1261230052.4459
1261230052.4709
1261230052.4959
1261230052.5209
1261230052.5459
1261230052.5709
1261230052.5959
1261230052.6209
1261230052.6459
1261230052.6709
1261230052.6959
1261230052.7209
1261230052.7459
1261230052.7709
1261230052.7959
1261230052.8199
1261230052.8449
1261230052.8699
1261230052.8949
1261230052.9199
1261230052.9449
1261230052.9699
1261230052.9949
1261230053.0199
1261230053.0449
1261230053.0699
1261230053.0949
1261230053.1199
1261230053.1449
1261230053.1699
1261230053.1948
1261230053.2198
1261230053.2448
1261230053.2688
1261230053.2938
1261230053.3188
1261230053.3438
1261230053.3688
1261230053.3938
1261230053.4188
1261230053.4438
1261230053.4688
1261230053.4938
1261230053.5188
1261230053.5438
1261230053.5688
1261230053.5938
1261230053.6178
1261230053.6438
1261230053.6688
1261230053.6938
1261230053.7178
1261230053.7428
1261230053.7678
1261230053.7928
1261230053.8178
1261230053.8428
1261230053.8678
1261230053.8928
1261230053.9178
1261230053.9428
1261230053.9678
1261230053.9928
1261230054.0178
1261230054.0428
1261230054.0678
1261230054.0928
1261230054.1178
1261230054.1418
1261230054.1668
1261230054.1918
1261230054.2168
1261230054.2418
1261230054.2668
1261230054.2918
1261230054.3168
1261230054.3418
1261230054.3668
1261230054.3917
1261230054.4167
1261230054.4417
1261230054.4667
1261230054.4917
1261230054.5167
1261230054.5417
1261230054.5667
1261230054.5907
1261230054.6157
1261230054.6407
1261230054.6657
1261230054.6907
1261230054.7157
1261230054.7407
1261230054.7657
1261230054.7907
1261230054.8157
1261230054.8407
1261230054.8657
1261230054.8907
1261230054.9157
1261230054.9407
1261230054.9657
1261230054.9907
1261230055.0157
1261230055.0397
1261230055.0647
1261230055.0897
1261230055.1147
1261230055.1397
1261230055.1647
1261230055.1897
1261230055.2147
1261230055.2397
1261230055.2647
1261230055.2897
1261230055.3147
1261230055.3397
1261230055.3647
1261230055.3897
1261230055.4147
1261230055.4397
1261230055.4647
1261230055.4887
1261230055.5137
1261230055.5387
1261230055.5637
1261230055.5886
1261230055.6136
1261230055.6386
1261230055.6636
1261230055.6886
1261230055.7136
1261230055.7386
1261230055.7636
1261230055.7886
1261230055.8136
1261230055.8386
1261230055.8636
1261230055.8886
1261230055.9126
1261230055.9376
1261230055.9626
1261230055.9876
1261230056.0126
1261230056.0376
1261230056.0626
1261230056.0876
1261230056.1126
1261230056.1376
1261230056.1626
1261230056.1876
1261230056.2126
1261230056.2376
1261230056.2626
1261230056.2876
1261230056.3126
1261230056.3366
1261230056.3616
1261230056.3866
1261230056.4116
1261230056.4366
1261230056.4616
1261230056.4866
1261230056.5116
1261230056.5366
1261230056.5616
1261230056.5866
1261230056.6116
1261230056.6366
1261230056.6616
1261230056.6866
1261230056.7116
1261230056.7366
1261230056.7616
1261230056.7866
1261230056.8105
1261230056.8355
1261230056.8605
1261230056.8855
1261230056.9105
1261230056.9355
1261230056.9605
1261230056.9855
1261230057.0105
1261230057.0355
1261230057.0605
1261230057.0855
1261230057.1105
1261230057.1355
1261230057.1605
1261230057.1855
1261230057.2105
1261230057.2355
1261230057.2595
1261230057.2845
1261230057.3095
1261230057.3345
1261230057.3595
1261230057.3845
1261230057.4095
1261230057.4345
1261230057.4595
1261230057.4845
1261230057.5095
1261230057.5345
1261230057.5595
1261230057.5845
1261230057.6095
1261230057.6345
1261230057.6585
1261230057.6845
1261230057.7085
1261230057.7335
1261230057.7585
1261230057.7835
1261230057.8085
1261230057.8335
1261230057.8585
1261230057.8835
1261230057.9085
1261230057.9335
1261230057.9585
1261230057.9835
1261230058.0084
1261230058.0334
1261230058.0584
1261230058.0834
1261230058.1084
1261230058.1574
1261230058.1824
1261230058.2074
1261230058.2324
1261230058.2574
1261230058.2824
1261230058.3074
1261230058.3324
1261230058.3574
1261230058.3824
1261230058.4074
1261230058.4324
1261230058.4574
1261230058.4824
1261230058.5074
1261230058.5324
1261230058.5574
1261230058.5814
1261230058.6064
1261230058.6314
1261230058.6564
1261230058.6814
1261230058.7064
1261230058.7314
1261230058.7564
1261230058.7814
1261230058.8064
1261230058.8314
1261230058.8564
1261230058.8814
1261230058.9064
1261230058.9314
1261230058.9564
1261230058.9814
1261230059.0064
1261230059.0304
1261230059.0554
1261230059.0804
1261230059.1054
1261230059.1304
1261230059.1554
1261230059.1804
1261230059.2053
1261230059.2303
1261230059.2553
1261230059.2803
1261230059.3053
1261230059.3303
1261230059.3553
1261230059.3803
1261230059.4053
1261230059.4303
1261230059.4553
1261230059.4793
1261230059.5043
1261230059.5293
1261230059.5543
1261230059.5793
1261230059.6043
1261230059.6293
1261230059.6543
1261230059.6793
1261230059.7043
1261230059.7293
1261230059.7543
1261230059.7793
1261230059.8043
1261230059.8293
1261230059.8543
1261230059.8793
1261230059.9043
1261230059.9283
1261230059.9533
1261230059.9783
1261230060.0033
1261230060.0283
1261230060.0533
1261230060.0783
1261230060.1033
1261230060.1283
1261230060.1533
1261230060.1783
1261230060.2033
1261230060.2283
1261230060.2533
1261230060.2783
1261230060.3033
1261230060.3283
1261230060.3533
1261230060.3773
1261230060.4022
1261230060.4272
1261230060.4522
1261230060.4772
1261230060.5022
1261230060.5272
1261230060.5522
1261230060.5772
1261230060.6022
1261230060.6272
1261230060.6522
1261230060.6772
1261230060.7022
1261230060.7272
1261230060.7522
1261230060.7772
1261230060.8022
1261230060.8262
1261230060.8512
1261230060.8762
1261230060.9012
1261230060.9262
1261230060.9512
1261230060.9762
1261230061.0012
1261230061.0262
1261230061.0512
1261230061.0762
1261230061.1012
1261230061.1262
1261230061.1512
1261230061.1762
1261230061.2012
1261230061.2262
1261230061.2512
1261230061.2752
1261230061.3002
1261230061.3252
1261230061.3502
1261230061.3752
1261230061.4002
1261230061.4252
1261230061.4502
1261230061.4752
1261230061.5002
1261230061.5252
1261230061.5502
1261230061.5752
1261230061.6001
1261230061.6251
1261230061.6501
1261230061.6751
1261230061.7001
1261230061.7241
1261230061.7491
1261230061.7741
1261230061.7991
1261230061.8241
1261230061.8491
1261230061.8741
1261230061.8991
1261230061.9241
1261230061.9491
1261230061.9741
1261230061.9991
1261230062.0241
1261230062.0491
1261230062.0741
1261230062.0991
1261230062.1241
1261230062.1491
1261230062.1731
1261230062.1981
1261230062.2231
1261230062.2481
1261230062.2731
1261230062.2981
1261230062.3231
1261230062.3481
1261230062.3731
1261230062.3981
1261230062.4231
1261230062.4481
1261230062.4731
1261230062.4981
1261230062.5231
1261230062.5481
1261230062.5731
1261230062.5981
1261230062.6221
1261230062.6471
1261230062.6721
1261230062.6971
1261230062.7221
1261230062.7471
1261230062.7721
1261230062.7970
1261230062.8220
1261230062.8470
1261230062.8720
1261230062.8970
1261230062.9220
1261230062.9470
1261230062.9720
1261230062.9970
1261230063.0220
1261230063.0470
1261230063.0710
1261230063.0960
1261230063.1210
1261230063.1460
1261230063.1710
1261230063.1960
1261230063.2210
1261230063.2460
1261230063.2710
1261230063.2960
1261230063.3210
1261230063.3460
1261230063.3710
1261230063.3960
1261230063.4210
1261230063.4460
1261230063.4710
1261230063.4960
1261230063.5210
1261230063.5450
1261230063.5700
1261230063.5950
1261230063.6200
1261230063.6450
1261230063.6700
1261230063.6950
1261230063.7200
1261230063.7450
1261230063.7700
1261230063.7950
1261230063.8200
1261230063.8450
1261230063.8700
1261230063.8950
1261230063.9200
1261230063.9450
1261230063.9700
1261230063.9939
1261230064.0189
1261230064.0439
1261230064.0689
1261230064.0939
1261230064.1189
1261230064.1439
1261230064.1689
1261230064.1939
1261230064.2189
1261230064.2439
1261230064.2689
1261230064.2939
1261230064.3189
1261230064.3439
1261230064.3689
1261230064.3939
1261230064.4189
1261230064.4429
1261230064.4679
1261230064.4929
1261230064.5179
1261230064.5429
1261230064.5679
1261230064.5929
1261230064.6179
1261230064.6429
1261230064.6679
1261230064.6929
1261230064.7179
1261230064.7429
1261230064.7679
1261230064.7929
1261230064.8179
1261230064.8429
1261230064.8679
1261230064.8919
1261230064.9169
1261230064.9419
1261230064.9669
1261230064.9919
1261230065.0169
1261230065.0419
1261230065.0669
1261230065.0919
1261230065.1169
1261230065.1419
1261230065.1669
1261230065.1918
1261230065.2168
1261230065.2418
1261230065.2668
1261230065.2918
1261230065.3168
1261230065.3408
1261230065.3658
1261230065.3908
1261230065.4158
1261230065.4408
1261230065.4658
1261230065.4908
1261230065.5158
1261230065.5408
1261230065.5658
1261230065.5908
1261230065.6158
1261230065.6408
1261230065.6658
1261230065.6908
1261230065.7158
1261230065.7408
1261230065.7658
1261230065.7898
1261230065.8148
1261230065.8398
1261230065.8648
1261230065.8898
1261230065.9148
1261230065.9398
1261230065.9648
1261230065.9898
1261230066.0148
1261230066.0398
1261230066.0648
1261230066.0898
1261230066.1148
1261230066.1398
1261230066.1648
1261230066.1898
1261230066.2148
1261230066.2388
1261230066.2638
1261230066.2888
1261230066.3138
1261230066.3388
1261230066.3638
1261230066.3888
1261230066.4137
1261230066.4387
1261230066.4637
1261230066.4887
1261230066.5137
1261230066.5387
1261230066.5637
1261230066.5887
1261230066.6137
1261230066.6387
1261230066.6637
1261230066.6877
1261230066.7127
1261230066.7377
1261230066.7627
1261230066.7877
1261230066.8127
1261230066.8377
1261230066.8627
1261230066.8877
1261230066.9127
1261230066.9377
1261230066.9627
1261230066.9877
1261230067.0127
1261230067.0377
1261230067.0627
1261230067.0877
1261230067.1127
1261230067.1367
1261230067.1617
1261230067.1867
1261230067.2117
1261230067.2367
1261230067.2617
1261230067.2867
1261230067.3117
1261230067.3367
1261230067.3617
1261230067.3867
1261230067.4117
1261230067.4367
1261230067.4617
1261230067.4867
1261230067.5117
1261230067.5367
1261230067.5617
1261230067.5857
1261230067.6106
1261230067.6356
1261230067.6606
1261230067.6856
1261230067.7106
1261230067.7356
1261230067.7606
1261230067.7856
1261230067.8106
1261230067.8356
1261230067.8606
1261230067.8856
1261230067.9106
1261230067.9356
1261230067.9606
1261230067.9856
1261230068.0106
1261230068.0346
1261230068.0596
1261230068.0846
1261230068.1096
1261230068.1346
1261230068.1596
1261230068.1846
1261230068.2096
1261230068.2346
1261230068.2596
1261230068.2846
1261230068.3096
1261230068.3346
1261230068.3596
1261230068.3846
1261230068.4096
1261230068.4346
1261230068.4596
1261230068.4846
1261230068.5086
1261230068.5336
1261230068.5586
1261230068.5836
1261230068.6086
1261230068.6336
1261230068.6586
1261230068.6836
1261230068.7086
1261230068.7336
1261230068.7586
1261230068.7836
1261230068.8085
1261230068.8335
1261230068.8585
1261230068.8835
1261230068.9085
1261230068.9325
1261230068.9575
1261230068.9825
1261230069.0075
1261230069.0325
1261230069.0575
1261230069.0825
1261230069.1075
1261230069.1825
1261230069.2075
1261230069.2325
1261230069.2575
1261230069.2825
1261230069.3075
1261230069.3325
1261230069.3575
1261230069.3825
1261230069.4065
1261230069.4315
1261230069.4565
1261230069.4815
1261230069.5065
1261230069.5315
1261230069.5565
1261230069.5815
1261230069.6065
1261230069.6315
1261230069.6565
1261230069.6815
1261230069.7065
1261230069.7315
1261230069.7565
1261230069.7815
1261230069.8065
1261230069.8315
1261230069.8555
1261230069.8805
1261230069.9055
1261230069.9305
1261230069.9555
1261230069.9805
1261230070.0054
1261230070.0304
1261230070.0554
1261230070.0804
1261230070.1054
1261230070.1304
1261230070.1554
1261230070.1804
1261230070.2054
1261230070.2304
1261230070.2554
1261230070.2804
1261230070.3044
1261230070.3294
1261230070.3544
1261230070.3794
1261230070.4044
1261230070.4294
1261230070.4544
1261230070.4794
1261230070.5044
1261230070.5294
1261230070.5544
1261230070.5794
1261230070.6044
1261230070.6294
1261230070.6544
1261230070.6794
1261230070.7044
1261230070.7294
1261230070.7534
1261230070.7784
1261230070.8034
1261230070.8284
1261230070.8534
1261230070.8784
1261230070.9034
1261230070.9284
1261230070.9534
1261230070.9784
1261230071.0034
1261230071.0284
1261230071.0534
1261230071.0784
1261230071.1034
1261230071.1284
1261230071.1534
1261230071.1784
1261230071.2023
1261230071.2273
1261230071.2523
1261230071.2773
1261230071.3023
1261230071.3273
1261230071.3523
1261230071.3773
1261230071.4023
1261230071.4273
1261230071.4523
1261230071.4773
1261230071.5023
1261230071.5273
1261230071.5523
1261230071.5773
1261230071.6023
1261230071.6273
1261230071.6513
1261230071.6763
1261230071.7013
1261230071.7263
1261230071.7513
1261230071.7763
1261230071.8013
1261230071.8263
1261230071.8513
1261230071.8763
1261230071.9013
1261230071.9263
1261230071.9513
1261230071.9763
1261230072.0013
1261230072.0263
1261230072.0513
1261230072.0763
1261230072.1003
1261230072.1253
1261230072.1503
1261230072.1753
1261230072.2003
1261230072.2253
1261230072.2503
1261230072.2753
1261230072.3003
1261230072.3253
1261230072.3503
1261230072.3753
1261230072.4002
1261230072.4252
1261230072.4502
1261230072.4752
1261230072.5002
1261230072.5252
1261230072.5492
1261230072.5742
1261230072.5992
1261230072.6242
1261230072.6492
1261230072.6742
1261230072.6992
1261230072.7242
1261230072.7492
1261230072.7742
1261230072.7992
1261230072.8242
1261230072.8492
1261230072.8742
1261230072.8992
1261230072.9242
1261230072.9492
1261230072.9742
1261230072.9992
1261230073.0232
1261230073.0482
1261230073.0732
1261230073.0982
1261230073.1232
1261230073.1482
1261230073.1732
1261230073.1982
1261230073.2232
1261230073.2482
1261230073.2732
1261230073.2982
1261230073.3232
1261230073.3482
1261230073.3732
1261230073.3982
1261230073.4232
1261230073.4482
1261230073.4722
1261230073.4972
1261230073.5222
1261230073.5472
1261230073.5722
1261230073.5971
1261230073.6221
1261230073.6471
1261230073.6721
1261230073.6971
1261230073.7221
1261230073.7471
1261230073.7721
1261230073.7971
1261230073.8221
1261230073.8471
1261230073.8721
1261230073.8971
1261230073.9211
1261230073.9461
1261230073.9711
1261230073.9961
1261230074.0211
1261230074.0461
1261230074.0711
1261230074.0961
1261230074.1211
1261230074.1461
1261230074.1711
1261230074.1961
1261230074.2211
1261230074.2461
1261230074.2711
1261230074.2961
1261230074.3211
1261230074.3451
1261230074.3701
1261230074.3951
1261230074.4201
1261230074.4451
1261230074.4701
1261230074.4951
1261230074.5201
1261230074.5451
1261230074.5701
1261230074.5951
1261230074.6201
1261230074.6451
1261230074.6701
1261230074.6951
1261230074.7201
1261230074.7451
1261230074.7701
1261230074.7950
1261230074.8190
1261230074.8440
1261230074.8690
1261230074.8940
1261230074.9190
1261230074.9440
1261230074.9690
1261230074.9940
1261230075.0190
1261230075.0440
1261230075.0690
1261230075.0940
1261230075.1190
1261230075.1440
1261230075.1680
1261230075.1940
1261230075.2190
1261230075.2440
1261230075.2680
1261230075.2930
1261230075.3180
1261230075.3430
1261230075.3680
1261230075.3930
1261230075.4180
1261230075.4430
1261230075.4680
1261230075.4930
1261230075.5180
1261230075.5430
1261230075.5680
1261230075.5930
1261230075.6180
1261230075.6430
1261230075.6680
1261230075.6930
1261230075.7170
1261230075.7420
1261230075.7670
1261230075.7920
1261230075.8170
1261230075.8420
1261230075.8670
1261230075.8920
1261230075.9170
1261230075.9420
1261230075.9670
1261230075.9919
1261230076.0169
1261230076.0419
1261230076.0669
1261230076.0919
1261230076.1169
1261230076.1419
1261230076.1659
1261230076.1909
1261230076.2159
1261230076.2409
1261230076.2659
1261230076.2909
1261230076.3159
1261230076.3409
1261230076.3659
1261230076.3909
1261230076.4159
1261230076.4409
1261230076.4659
1261230076.4909
1261230076.5159
1261230076.5409
1261230076.5659
1261230076.5909
1261230076.6159
1261230076.6399
1261230076.6649
1261230076.6899
1261230076.7149
1261230076.7399
1261230076.7649
1261230076.7899
1261230076.8149
1261230076.8399
1261230076.8649
1261230076.8899
1261230076.9149
1261230076.9399
1261230076.9649
1261230076.9899
1261230077.0149
1261230077.0399
1261230077.0649
1261230077.0889
1261230077.1139
1261230077.1389
1261230077.1639
1261230077.1888
1261230077.2138
1261230077.2388
1261230077.2638
1261230077.2888
1261230077.3138
1261230077.3388
1261230077.3638
1261230077.3888
1261230077.4138
1261230077.4388
1261230077.4638
1261230077.4888
1261230077.5138
1261230077.5378
1261230077.5628
1261230077.5878
1261230077.6128
1261230077.6378
1261230077.6628
1261230077.6878
1261230077.7128
1261230077.7378
1261230077.7628
1261230077.7878
1261230077.8128
1261230077.8378
1261230077.8628
1261230077.8878
1261230077.9128
1261230077.9378
1261230077.9628
1261230077.9868
1261230078.0118
1261230078.0368
1261230078.0618
1261230078.1118
1261230078.1368
1261230078.1618
1261230078.1868
1261230078.2118
1261230078.2368
1261230078.2618
1261230078.2868
1261230078.3118
1261230078.3368
1261230078.3618
1261230078.3867
1261230078.4117
1261230078.4357
1261230078.4607
1261230078.4857
1261230078.5107
1261230078.5357
1261230078.5607
1261230078.5857
1261230078.6107
1261230078.6357
1261230078.6607
1261230078.6857
1261230078.7107
1261230078.7357
1261230078.7607
1261230078.7857
1261230078.8107
1261230078.8357
1261230078.8607
1261230078.8857
1261230078.9097
1261230078.9347
1261230078.9597
1261230078.9847
1261230079.0097
1261230079.0347
1261230079.0597
1261230079.0847
1261230079.1097
1261230079.1347
1261230079.1597
1261230079.1847
1261230079.2097
1261230079.2347
1261230079.2597
1261230079.2847
1261230079.3097
1261230079.3347
1261230079.3587
1261230079.3837
1261230079.4087
1261230079.4337
1261230079.4587
1261230079.4837
1261230079.5087
1261230079.5337
1261230079.5587
1261230079.5837
1261230079.6086
1261230079.6336
1261230079.6586
1261230079.6836
1261230079.7086
1261230079.7336
1261230079.7586
1261230079.7836
1261230079.8076
1261230079.8326
1261230079.8576
1261230079.8826
1261230079.9076
1261230079.9326
1261230079.9576
1261230079.9826
1261230080.0076
1261230080.0326
1261230080.0576
1261230080.0826
1261230080.1076
1261230080.1326
1261230080.1576
1261230080.1826
1261230080.2076
1261230080.2326
1261230080.2566
1261230080.2816
1261230080.3066
1261230080.3316
1261230080.3566
1261230080.3816
1261230080.4066
1261230080.4316
1261230080.4566
1261230080.4816
1261230080.5066
1261230080.5316
1261230080.5566
1261230080.5816
1261230080.6066
1261230080.6316
1261230080.6566
1261230080.6816
1261230080.7066
1261230080.7306
1261230080.7556
1261230080.7806
1261230080.8055
1261230080.8305
1261230080.8555
1261230080.8805
1261230080.9055
1261230080.9305
1261230080.9555
1261230080.9805
1261230081.0055
1261230081.0305
1261230081.0555
1261230081.0805
1261230081.1055
1261230081.1305
1261230081.1555
1261230081.1795
1261230081.2045
1261230081.2295
1261230081.2545
1261230081.2795
1261230081.3045
1261230081.3295
1261230081.3545
1261230081.3795
1261230081.4045
1261230081.4295
1261230081.4545
1261230081.4795
1261230081.5045
1261230081.5295
1261230081.5545
1261230081.5795
1261230081.6045
1261230081.6285
1261230081.6535
1261230081.6785
1261230081.7035
1261230081.7285
1261230081.7535
1261230081.7785
1261230081.8035
1261230081.8285
1261230081.8535
1261230081.8785
1261230081.9035
1261230081.9285
1261230081.9535
1261230081.9785
1261230082.0034
1261230082.0284
1261230082.0534
1261230082.0774
1261230082.1024
1261230082.1274
1261230082.1524
1261230082.1774
1261230082.2024
1261230082.2274
1261230082.2524
1261230082.2774
1261230082.3024
1261230082.3274
1261230082.3524
1261230082.3774
1261230082.4024
1261230082.4274
1261230082.4524
1261230082.4774
1261230082.5024
1261230082.5274
1261230082.5514
1261230082.5764
1261230082.6014
1261230082.6264
1261230082.6514
1261230082.6764
1261230082.7014
1261230082.7264
1261230082.7514
1261230082.7764
1261230082.8014
1261230082.8264
1261230082.8514
1261230082.8764
1261230082.9014
1261230082.9264
1261230082.9514
1261230082.9764
1261230083.0004
1261230083.0254
1261230083.0504
1261230083.0754
1261230083.1004
1261230083.1254
1261230083.1504
1261230083.1754
1261230083.2003
1261230083.2253
1261230083.2503
1261230083.2753
1261230083.3003
1261230083.3253
1261230083.3503
1261230083.3753
1261230083.4003
1261230083.4253
1261230083.4503
1261230083.4743
1261230083.4993
1261230083.5243
1261230083.5493
1261230083.5743
1261230083.5993
1261230083.6243
1261230083.6493
1261230083.6743
1261230083.6993
1261230083.7243
1261230083.7493
1261230083.7743
1261230083.7993
1261230083.8243
1261230083.8493
1261230083.8743
1261230083.8993
1261230083.9233
1261230083.9483
1261230083.9733
1261230083.9983
1261230084.0233
1261230084.0483
1261230084.0733
1261230084.0983
1261230084.1233
1261230084.1483
1261230084.1733
1261230084.1983
1261230084.2233
1261230084.2483
1261230084.2733
1261230084.2983
1261230084.3233
1261230084.3483
1261230084.3723
1261230084.3972
1261230084.4222
1261230084.4472
1261230084.4722
1261230084.4972
1261230084.5222
1261230084.5472
1261230084.5722
1261230084.5972
1261230084.6222
1261230084.6472
1261230084.6722
1261230084.6972
1261230084.7222
1261230084.7472
1261230084.7722
1261230084.7972
1261230084.8222
1261230084.8462
1261230084.8712
1261230084.8962
1261230084.9212
1261230084.9462
1261230084.9712
1261230084.9962
1261230085.0212
1261230085.0462
1261230085.0712
1261230085.0962
1261230085.1212
1261230085.1462
1261230085.1712
1261230085.1962
1261230085.2212
1261230085.2462
1261230085.2712
1261230085.2952
1261230085.3202
1261230085.3452
1261230085.3702
1261230085.3952
1261230085.4202
1261230085.4452
1261230085.4702
1261230085.4952
1261230085.5202
1261230085.5452
1261230085.5702
1261230085.5951
1261230085.6201
1261230085.6451
1261230085.6701
1261230085.6951
1261230085.7201
1261230085.7441
1261230085.7691
1261230085.7941
1261230085.8191
1261230085.8441
1261230085.8691
1261230085.8941
1261230085.9191
1261230085.9441
1261230085.9691
1261230085.9941
1261230086.0191
1261230086.0441
1261230086.0691
1261230086.0941
1261230086.1191
1261230086.1441
1261230086.1691
1261230086.1941
1261230086.2181
1261230086.2431
1261230086.2681
1261230086.2931
1261230086.3181
1261230086.3431
1261230086.3681
1261230086.3931
1261230086.4181
1261230086.4431
1261230086.4681
1261230086.4931
1261230086.5181
1261230086.5431
1261230086.5681
1261230086.5931
1261230086.6181
1261230086.6431
1261230086.6671
1261230086.6921
1261230086.7171
1261230086.7421
1261230086.7671
1261230086.7920
1261230086.8170
1261230086.8420
1261230086.8670
1261230086.8920
1261230086.9170
1261230086.9420
1261230086.9670
1261230086.9920
1261230087.0170
1261230087.0420
1261230087.0670
1261230087.0920
1261230087.1160
1261230087.1410
1261230087.1660
1261230087.1910
1261230087.2160
1261230087.2410
1261230087.2660
1261230087.2910
1261230087.3160
1261230087.3410
1261230087.3660
1261230087.3910
1261230087.4160
1261230087.4410
1261230087.4660
1261230087.4910
1261230087.5160
1261230087.5410
1261230087.5660
1261230087.5900
1261230087.6150
