1261229981.5833
1261229981.6083
1261229981.6333
1261229981.6583
1261229981.6833
1261229981.7083
1261229981.7333
1261229981.7573
1261229981.7823
1261229981.8073
1261229981.8323
1261229981.8573
1261229981.8823
1261229981.9072
1261229981.9322
1261229981.9572
1261229981.9822
1261229982.0072
1261229982.0312
1261229982.0562
1261229982.0812
1261229982.1062
1261229982.1312
1261229982.1562
1261229982.1812
1261229982.2062
1261229982.2312
1261229982.2562
1261229982.2812
1261229982.3062
1261229982.3302
1261229982.3552
1261229982.3802
1261229982.4052
1261229982.4302
1261229982.4552
1261229982.4802
1261229982.5052
1261229982.5302
1261229982.5552
1261229982.5802
1261229982.6042
1261229982.6292
1261229982.6542
1261229982.6792
1261229982.7042
1261229982.7292
1261229982.7542
1261229982.7792
1261229982.8042
1261229982.8292
1261229982.8542
1261229982.8782
1261229982.9032
1261229982.9282
1261229982.9532
1261229982.9782
1261229983.0032
1261229983.0282
1261229983.0532
1261229983.0782
1261229983.1031
1261229983.1281
1261229983.1531
1261229983.1771
1261229983.2021
1261229983.2271
1261229983.2521
1261229983.2771
1261229983.3021
1261229983.3271
1261229983.3521
1261229983.3771
1261229983.4021
1261229983.4271
1261229983.4521
1261229983.4761
1261229983.5011
1261229983.5261
1261229983.5511
1261229983.5761
1261229983.6011
1261229983.6261
1261229983.6511
1261229983.6761
1261229983.7011
1261229983.7261
1261229983.7501
1261229983.7751
1261229983.8001
1261229983.8251
1261229983.8501
1261229983.8751
1261229983.9001
1261229983.9251
1261229983.9501
1261229983.9751
1261229984.0001
1261229984.0241
1261229984.0491
1261229984.0741
1261229984.0991
1261229984.1241
1261229984.1491
1261229984.1741
1261229984.1991
1261229984.2241
1261229984.2491
1261229984.2741
1261229984.2991
1261229984.3230
1261229984.3480
1261229984.3730
1261229984.3980
1261229984.4230
1261229984.4480
1261229984.4730
1261229984.4980
1261229984.5230
1261229984.5480
1261229984.5730
1261229984.5970
1261229984.6220
1261229984.6470
1261229984.6720
1261229984.6970
1261229984.7220
1261229984.7470
1261229984.7720
1261229984.7970
1261229984.8220
1261229984.8470
1261229984.8720
1261229984.8960
1261229984.9460
1261229984.9710
1261229984.9960
1261229985.0210
1261229985.0460
1261229985.0710
1261229985.0960
1261229985.1210
1261229985.1460
1261229985.1700
1261229985.1950
1261229985.2200
1261229985.2450
1261229985.2700
1261229985.2950
1261229985.3200
1261229985.3450
1261229985.3700
1261229985.3950
1261229985.4200
1261229985.4450
1261229985.4690
1261229985.4940
1261229985.5189
1261229985.5439
1261229985.5689
1261229985.5939
1261229985.6189
1261229985.6439
1261229985.6689
1261229985.6939
1261229985.7189
1261229985.7429
1261229985.7679
1261229985.7929
1261229985.8179
1261229985.8429
1261229985.8679
1261229985.8929
1261229985.9179
1261229985.9429
1261229985.9679
1261229985.9929
1261229986.0169
1261229986.0419
1261229986.0669
1261229986.0919
1261229986.1169
1261229986.1419
1261229986.1669
1261229986.1919
1261229986.2169
1261229986.2419
1261229986.2669
1261229986.2919
1261229986.3159
1261229986.3409
1261229986.3659
1261229986.3909
1261229986.4159
1261229986.4409
1261229986.4659
1261229986.4909
1261229986.5159
1261229986.5409
1261229986.5659
1261229986.5909
1261229986.6149
1261229986.6399
1261229986.6649
1261229986.6899
1261229986.7148
1261229986.7398
1261229986.7648
1261229986.7898
1261229986.8148
1261229986.8648
1261229986.8888
1261229986.9138
1261229986.9388
1261229986.9638
1261229986.9888
1261229987.0138
1261229987.0388
1261229987.0638
1261229987.0888
1261229987.1138
1261229987.1388
1261229987.1638
1261229987.1878
1261229987.2128
1261229987.2378
1261229987.2628
1261229987.2878
1261229987.3128
1261229987.3378
1261229987.3628
1261229987.3878
1261229987.4128
1261229987.4378
1261229987.4618
1261229987.4868
1261229987.5118
1261229987.5368
1261229987.5618
1261229987.5868
1261229987.6118
1261229987.6368
1261229987.6618
1261229987.6868
1261229987.7118
1261229987.7368
1261229987.7608
1261229987.7858
1261229987.8108
1261229987.8358
1261229987.8608
1261229987.8858
1261229987.9107
1261229987.9357
1261229987.9607
1261229987.9857
1261229988.0107
1261229988.0347
1261229988.0597
1261229988.0847
1261229988.1097
1261229988.1347
1261229988.1597
1261229988.1847
1261229988.2097
1261229988.2347
1261229988.2597
1261229988.2847
1261229988.3097
1261229988.3337
1261229988.3587
1261229988.3837
1261229988.4087
1261229988.4337
1261229988.4587
1261229988.4837
1261229988.5087
1261229988.5337
1261229988.5587
1261229988.5837
1261229988.6077
1261229988.6327
1261229988.6577
1261229988.6827
1261229988.7077
1261229988.7327
1261229988.7577
1261229988.7827
1261229988.8077
1261229988.8327
1261229988.8577
1261229988.8827
1261229988.9067
1261229988.9317
1261229988.9567
1261229988.9817
1261229989.0067
1261229989.0317
1261229989.0567
1261229989.0817
1261229989.1066
1261229989.1316
1261229989.1566
1261229989.1806
1261229989.2056
1261229989.2306
1261229989.2556
1261229989.2806
1261229989.3056
1261229989.3306
1261229989.3556
1261229989.3806
1261229989.4056
1261229989.4306
1261229989.4556
1261229989.4796
1261229989.5046
1261229989.5546
1261229989.5796
1261229989.6046
1261229989.6296
1261229989.6546
1261229989.6796
1261229989.7046
1261229989.7296
1261229989.7536
1261229989.7786
1261229989.8036
1261229989.8286
1261229989.8536
1261229989.8786
1261229989.9036
1261229989.9286
1261229989.9536
1261229989.9786
1261229990.0036
1261229990.0286
1261229990.0526
1261229990.0776
1261229990.1026
1261229990.1276
1261229990.1526
1261229990.1776
1261229990.2026
1261229990.2276
1261229990.2526
1261229990.2776
1261229990.3025
1261229990.3275
1261229990.3515
1261229990.3765
1261229990.4015
1261229990.4265
1261229990.4515
1261229990.4765
1261229990.5015
1261229990.5265
1261229990.5515
1261229990.5765
1261229990.6015
1261229990.6255
1261229990.6505
1261229990.6755
1261229990.7005
1261229990.7255
1261229990.7505
1261229990.7755
1261229990.8005
1261229990.8255
1261229990.8505
1261229990.8755
1261229990.9005
1261229990.9245
1261229990.9495
1261229990.9745
1261229990.9995
1261229991.0245
1261229991.0495
1261229991.0745
1261229991.0995
1261229991.1245
1261229991.1495
1261229991.1745
1261229991.1995
1261229991.2235
1261229991.2485
1261229991.2735
1261229991.2985
1261229991.3235
1261229991.3485
1261229991.3735
1261229991.3985
1261229991.4235
1261229991.4485
1261229991.4735
1261229991.4975
1261229991.5224
1261229991.5474
1261229991.5724
1261229991.5974
1261229991.6224
1261229991.6474
1261229991.6724
1261229991.6974
1261229991.7224
1261229991.7474
1261229991.7724
1261229991.7964
1261229991.8214
1261229991.8464
1261229991.8714
1261229991.8964
1261229991.9214
1261229991.9464
1261229991.9714
1261229991.9964
1261229992.0214
1261229992.0464
1261229992.0704
1261229992.0954
1261229992.1204
1261229992.1454
1261229992.1704
1261229992.1954
1261229992.2204
1261229992.2454
1261229992.2704
1261229992.2954
1261229992.3204
1261229992.3454
1261229992.3694
1261229992.3944
1261229992.4194
1261229992.4444
1261229992.4694
1261229992.4944
1261229992.5194
1261229992.5444
1261229992.5694
1261229992.5944
1261229992.6194
1261229992.6444
1261229992.6684
1261229992.6934
1261229992.7183
1261229992.7433
1261229992.7683
1261229992.7933
1261229992.8183
1261229992.8433
1261229992.8683
1261229992.8933
1261229992.9183
1261229992.9423
1261229992.9673
1261229992.9923
1261229993.0173
1261229993.0423
1261229993.0673
1261229993.0923
1261229993.1173
1261229993.1423
1261229993.1673
1261229993.1923
1261229993.2163
1261229993.2413
1261229993.2663
1261229993.2913
1261229993.3163
1261229993.3413
1261229993.3663
1261229993.3913
1261229993.4163
1261229993.4413
1261229993.4663
1261229993.4913
1261229993.5163
1261229993.5403
1261229993.5653
1261229993.5903
1261229993.6153
1261229993.6403
1261229993.6653
1261229993.6903
1261229993.7153
1261229993.7403
1261229993.7653
1261229993.7903
1261229993.8143
1261229993.8393
1261229993.8643
1261229993.8893
1261229993.9142
1261229993.9392
1261229993.9642
1261229993.9892
1261229994.0142
1261229994.0392
1261229994.0642
1261229994.0892
1261229994.1132
1261229994.1382
1261229994.1632
1261229994.1882
1261229994.2132
1261229994.2382
1261229994.2632
1261229994.2882
1261229994.3132
1261229994.3382
1261229994.3632
1261229994.3872
1261229994.4122
1261229994.4372
1261229994.4622
1261229994.4872
1261229994.5122
1261229994.5372
1261229994.5622
1261229994.5872
1261229994.6122
1261229994.6372
1261229994.6622
1261229994.6862
1261229994.7112
1261229994.7362
1261229994.7612
1261229994.7862
1261229994.8112
1261229994.8362
1261229994.8612
1261229994.8862
1261229994.9112
1261229994.9362
1261229994.9602
1261229994.9852
1261229995.0102
1261229995.0352
1261229995.0602
1261229995.0852
1261229995.1101
1261229995.1351
1261229995.1601
1261229995.1851
1261229995.2101
1261229995.2351
1261229995.2591
1261229995.2841
1261229995.3091
1261229995.3341
1261229995.3591
1261229995.3841
1261229995.4091
1261229995.4341
1261229995.4591
1261229995.4841
1261229995.5091
1261229995.5331
1261229995.5581
1261229995.5831
1261229995.6081
1261229995.6331
1261229995.6581
1261229995.6831
1261229995.7081
1261229995.7331
1261229995.7581
1261229995.7831
1261229995.8081
1261229995.8321
1261229995.8571
1261229995.8821
1261229995.9071
1261229995.9321
1261229995.9571
1261229995.9821
1261229996.0071
1261229996.0321
1261229996.0571
1261229996.0821
1261229996.1071
1261229996.1311
1261229996.1561
1261229996.1811
1261229996.2061
1261229996.2311
1261229996.2561
1261229996.2811
1261229996.3060
1261229996.3310
1261229996.3560
1261229996.3810
1261229996.4050
1261229996.4300
1261229996.4550
1261229996.4800
1261229996.5050
1261229996.5300
1261229996.5550
1261229996.5800
1261229996.6050
1261229996.6300
1261229996.6550
1261229996.6800
1261229996.7040
1261229996.7290
1261229996.7540
1261229996.7790
1261229996.8040
1261229996.8290
1261229996.8540
1261229996.8790
1261229996.9040
1261229996.9290
1261229996.9540
1261229996.9780
1261229997.0030
1261229997.0280
1261229997.0530
1261229997.0780
1261229997.1030
1261229997.1280
1261229997.1530
1261229997.1780
1261229997.2030
1261229997.2280
1261229997.2530
1261229997.2770
1261229997.3020
1261229997.3270
1261229997.3520
1261229997.3770
1261229997.4020
1261229997.4270
1261229997.4520
1261229997.4770
1261229997.5019
1261229997.5269
1261229997.5519
1261229997.5759
1261229997.6009
1261229997.6259
1261229997.6509
1261229997.6759
1261229997.7009
1261229997.7259
1261229997.7509
1261229997.7759
1261229997.8009
1261229997.8259
1261229997.8499
1261229997.8749
1261229997.8999
1261229997.9249
1261229997.9499
1261229997.9749
1261229997.9999
1261229998.0249
1261229998.0499
1261229998.0749
1261229998.0999
1261229998.1249
1261229998.1489
1261229998.1739
1261229998.1989
1261229998.2239
1261229998.2489
1261229998.2739
1261229998.2989
1261229998.3239
1261229998.3489
1261229998.3739
1261229998.3989
1261229998.4239
1261229998.4479
1261229998.4729
1261229998.4979
1261229998.5229
1261229998.5479
1261229998.5729
1261229998.5979
1261229998.6229
1261229998.6479
1261229998.6729
1261229998.6979
1261229998.7218
1261229998.7468
1261229998.7718
1261229998.7968
1261229998.8218
1261229998.8468
1261229998.8718
1261229998.8968
1261229998.9218
1261229998.9468
1261229998.9718
1261229998.9968
1261229999.0208
1261229999.0458
1261229999.0708
1261229999.0958
1261229999.1208
1261229999.1458
1261229999.1708
1261229999.1958
1261229999.2208
1261229999.2458
1261229999.2708
1261229999.2958
1261229999.3198
1261229999.3448
1261229999.3698
1261229999.3948
1261229999.4198
1261229999.4448
1261229999.4698
1261229999.4948
1261229999.5198
1261229999.5448
1261229999.5698
1261229999.5938
1261229999.6188
1261229999.6438
1261229999.6688
1261229999.6938
1261229999.7188
1261229999.7438
1261229999.7688
1261229999.7938
1261229999.8188
1261229999.8438
1261229999.8688
1261229999.8928
1261229999.9177
1261229999.9427
1261229999.9677
1261229999.9927
1261230000.0177
1261230000.0427
1261230000.0677
1261230000.0927
1261230000.1177
1261230000.1427
1261230000.1677
1261230000.1917
1261230000.2167
1261230000.2417
1261230000.2667
1261230000.2917
1261230000.3167
1261230000.3417
1261230000.3667
1261230000.3917
1261230000.4167
1261230000.4417
1261230000.4667
1261230000.4907
1261230000.5157
1261230000.5407
1261230000.5657
1261230000.5907
1261230000.6157
1261230000.6407
1261230000.6657
1261230000.6907
1261230000.7157
1261230000.7407
1261230000.7647
1261230000.7897
1261230000.8147
1261230000.8397
1261230000.8647
1261230000.8897
1261230000.9147
1261230000.9397
1261230000.9647
1261230000.9897
1261230001.0147
1261230001.0397
1261230001.0647
1261230001.0887
1261230001.1136
1261230001.1386
1261230001.1636
1261230001.1886
1261230001.2136
1261230001.2386
1261230001.2636
1261230001.2886
1261230001.3136
1261230001.3386
1261230001.3626
1261230001.3876
1261230001.4126
1261230001.4376
1261230001.4626
1261230001.4876
1261230001.5126
1261230001.5376
1261230001.5626
1261230001.5876
1261230001.6126
1261230001.6376
1261230001.6616
1261230001.6866
1261230001.7116
1261230001.7366
1261230001.7616
1261230001.7866
1261230001.8116
1261230001.8366
1261230001.8616
1261230001.8866
1261230001.9116
1261230001.9356
1261230001.9606
1261230001.9856
1261230002.0106
1261230002.0356
1261230002.0606
1261230002.0856
1261230002.1106
1261230002.1356
1261230002.1606
1261230002.1856
1261230002.2106
1261230002.2346
1261230002.2596
1261230002.2846
1261230002.3095
1261230002.3345
1261230002.3595
1261230002.3845
1261230002.4095
1261230002.4345
1261230002.4595
1261230002.4845
1261230002.5095
1261230002.5335
1261230002.5585
1261230002.5835
1261230002.6085
1261230002.6335
1261230002.6585
1261230002.6835
1261230002.7085
1261230002.7335
1261230002.7585
1261230002.7835
1261230002.8085
1261230002.8325
1261230002.8575
1261230002.8825
1261230002.9075
1261230002.9325
1261230002.9575
1261230002.9825
1261230003.0075
1261230003.0325
1261230003.0575
1261230003.0825
1261230003.1075
1261230003.1315
1261230003.1565
1261230003.1815
1261230003.2065
1261230003.2315
1261230003.2565
1261230003.2815
1261230003.3065
1261230003.3315
1261230003.3565
1261230003.3815
1261230003.4055
1261230003.4305
1261230003.4555
1261230003.4805
1261230003.5054
1261230003.5304
1261230003.5554
1261230003.5804
1261230003.6054
1261230003.6304
1261230003.6554
1261230003.6804
1261230003.7054
1261230003.7294
1261230003.7544
1261230003.7794
1261230003.8044
1261230003.8294
1261230003.8544
1261230003.8794
1261230003.9044
1261230003.9294
1261230003.9544
1261230003.9794
1261230004.0034
1261230004.0284
1261230004.0534
1261230004.0784
1261230004.1034
1261230004.1284
1261230004.1534
1261230004.1784
1261230004.2034
1261230004.2284
1261230004.2534
1261230004.2784
1261230004.3024
1261230004.3274
1261230004.3524
1261230004.3774
1261230004.4024
1261230004.4274
1261230004.4524
1261230004.4774
1261230004.5024
1261230004.5274
1261230004.5524
1261230004.5774
1261230004.6014
1261230004.6264
1261230004.6514
1261230004.6764
1261230004.7013
1261230004.7263
1261230004.7513
1261230004.7763
1261230004.8013
1261230004.8263
1261230004.8513
1261230004.8753
1261230004.9003
1261230004.9253
1261230004.9503
1261230004.9753
1261230005.0003
1261230005.0253
1261230005.0503
1261230005.0753
1261230005.1003
1261230005.1253
1261230005.1503
1261230005.1743
1261230005.1993
1261230005.2243
1261230005.2493
1261230005.2743
1261230005.2993
1261230005.3243
1261230005.3493
1261230005.3743
1261230005.3993
1261230005.4243
1261230005.4493
1261230005.4733
1261230005.4983
1261230005.5233
1261230005.5483
1261230005.5733
1261230005.5983
1261230005.6233
1261230005.6483
1261230005.6733
1261230005.6983
1261230005.7233
1261230005.7483
1261230005.7723
1261230005.7973
1261230005.8223
1261230005.8473
1261230005.8723
1261230005.8972
1261230005.9222
1261230005.9472
1261230005.9722
1261230005.9972
1261230006.0222
1261230006.0472
1261230006.0712
1261230006.0962
1261230006.1212
1261230006.1462
1261230006.1712
1261230006.1962
1261230006.2212
1261230006.2462
1261230006.2712
1261230006.2962
1261230006.3212
1261230006.3462
1261230006.3702
1261230006.3952
1261230006.4202
1261230006.4452
1261230006.4702
1261230006.4952
1261230006.5202
1261230006.5452
1261230006.5702
1261230006.5952
1261230006.6202
1261230006.6452
1261230006.6692
1261230006.6942
1261230006.7192
1261230006.7442
1261230006.7692
1261230006.7942
1261230006.8192
1261230006.8442
1261230006.8692
1261230006.8942
1261230006.9192
1261230006.9432
1261230006.9682
1261230006.9932
1261230007.0182
1261230007.0432
1261230007.0682
1261230007.0932
1261230007.1181
1261230007.1431
1261230007.1681
1261230007.1931
1261230007.2181
1261230007.2421
1261230007.2671
1261230007.2921
1261230007.3171
1261230007.3421
1261230007.3671
1261230007.3921
1261230007.4171
1261230007.4421
1261230007.4671
1261230007.4921
1261230007.5171
1261230007.5421
1261230007.5661
1261230007.5911
1261230007.6161
1261230007.6411
1261230007.6661
1261230007.6911
1261230007.7161
1261230007.7411
1261230007.7661
1261230007.7911
1261230007.8161
1261230007.8411
1261230007.8651
1261230007.8901
1261230007.9151
1261230007.9401
1261230007.9651
1261230007.9901
1261230008.0151
1261230008.0401
1261230008.0651
1261230008.0901
1261230008.1151
1261230008.1391
1261230008.1641
1261230008.1891
1261230008.2141
1261230008.2391
1261230008.2641
1261230008.2891
1261230008.3140
1261230008.3390
1261230008.3640
1261230008.3890
1261230008.4140
1261230008.4380
1261230008.4630
1261230008.4880
1261230008.5130
1261230008.5380
1261230008.5630
1261230008.5880
1261230008.6130
1261230008.6380
1261230008.6630
1261230008.6880
1261230008.7130
1261230008.7370
1261230008.7620
1261230008.7870
1261230008.8120
1261230008.8370
1261230008.8620
1261230008.8870
1261230008.9120
1261230008.9370
1261230008.9620
1261230008.9870
1261230009.0120
1261230009.0360
1261230009.0610
1261230009.0860
1261230009.1110
1261230009.1360
1261230009.1610
1261230009.1860
1261230009.2110
1261230009.2360
1261230009.2610
1261230009.2860
1261230009.3110
1261230009.3350
1261230009.3600
1261230009.3850
1261230009.4100
1261230009.4350
1261230009.4600
1261230009.4850
1261230009.5099
1261230009.5349
1261230009.5599
1261230009.5849
1261230009.6099
1261230009.6339
1261230009.6589
1261230009.6839
1261230009.7089
1261230009.7339
1261230009.7589
1261230009.7839
1261230009.8089
1261230009.8339
1261230009.8589
1261230009.8839
1261230009.9089
1261230009.9329
1261230009.9579
1261230009.9829
1261230010.0079
1261230010.0329
1261230010.0579
1261230010.0829
1261230010.1079
1261230010.1329
1261230010.1579
1261230010.1829
1261230010.2079
1261230010.2319
1261230010.2569
1261230010.2819
1261230010.3069
1261230010.3319
1261230010.3569
1261230010.3819
1261230010.4069
1261230010.4319
1261230010.4569
1261230010.4819
1261230010.5069
1261230010.5309
1261230010.5559
1261230010.5809
1261230010.6059
1261230010.6309
1261230010.6559
1261230010.6809
1261230010.7058
1261230010.7308
1261230010.7558
1261230010.7808
1261230010.8058
1261230010.8298
1261230010.8548
1261230010.8798
1261230010.9048
1261230010.9298
1261230010.9548
1261230010.9798
1261230011.0048
1261230011.0298
1261230011.0548
1261230011.0798
1261230011.1048
1261230011.1288
1261230011.1538
1261230011.1788
1261230011.2038
1261230011.2288
1261230011.2538
1261230011.2788
1261230011.3038
1261230011.3288
1261230011.3538
1261230011.3788
1261230011.4038
1261230011.4278
1261230011.4528
1261230011.4778
1261230011.5028
1261230011.5278
1261230011.5528
1261230011.5778
1261230011.6028
1261230011.6278
1261230011.6528
1261230011.6778
1261230011.7028
1261230011.7268
1261230011.7518
1261230011.7768
1261230011.8018
1261230011.8268
1261230011.8518
1261230011.8768
1261230011.9017
1261230011.9267
1261230011.9517
1261230011.9767
1261230012.0007
1261230012.0257
1261230012.0507
1261230012.0757
1261230012.1007
1261230012.1257
1261230012.1507
1261230012.1757
1261230012.2007
1261230012.2257
1261230012.2507
1261230012.2757
1261230012.3007
1261230012.3247
1261230012.3497
1261230012.3747
1261230012.3997
1261230012.4247
1261230012.4497
1261230012.4747
1261230012.4997
1261230012.5247
1261230012.5497
1261230012.5747
1261230012.5997
1261230012.6237
1261230012.6487
1261230012.6737
1261230012.6987
1261230012.7237
1261230012.7487
1261230012.7737
1261230012.7987
1261230012.8237
1261230012.8487
1261230012.8737
1261230012.8977
1261230012.9227
1261230012.9477
1261230012.9727
1261230012.9977
1261230013.0227
1261230013.0477
1261230013.0727
1261230013.0977
1261230013.1226
1261230013.1476
1261230013.1726
1261230013.1966
1261230013.2216
1261230013.2466
1261230013.2716
1261230013.2966
1261230013.3216
1261230013.3466
1261230013.3716
1261230013.3966
1261230013.4216
1261230013.4466
1261230013.4716
1261230013.4956
1261230013.5206
1261230013.5456
1261230013.5706
1261230013.5956
1261230013.6206
1261230013.6456
1261230013.6706
1261230013.6956
1261230013.7206
1261230013.7456
1261230013.7706
1261230013.7946
1261230013.8196
1261230013.8446
1261230013.8696
1261230013.8946
1261230013.9196
1261230013.9446
1261230013.9696
1261230013.9946
1261230014.0196
1261230014.0446
1261230014.0696
1261230014.0936
1261230014.1186
1261230014.1436
1261230014.1686
1261230014.1936
1261230014.2186
1261230014.2436
1261230014.2686
1261230014.2936
1261230014.3185
1261230014.3435
1261230014.3685
1261230014.3925
1261230014.4175
1261230014.4425
1261230014.4675
1261230014.4925
1261230014.5175
1261230014.5425
1261230014.5675
1261230014.5925
1261230014.6175
1261230014.6425
1261230014.6675
1261230014.6915
1261230014.7165
1261230014.7415
1261230014.7665
1261230014.7915
1261230014.8165
1261230014.8415
1261230014.8665
1261230014.8915
1261230014.9165
1261230014.9415
1261230014.9665
1261230014.9905
1261230015.0155
1261230015.0405
1261230015.0655
1261230015.0905
1261230015.1155
1261230015.1405
1261230015.1655
1261230015.1905
1261230015.2155
1261230015.2405
1261230015.2655
1261230015.2895
1261230015.3145
1261230015.3395
1261230015.3645
1261230015.3895
1261230015.4145
1261230015.4395
1261230015.4645
1261230015.4895
1261230015.5144
1261230015.5394
1261230015.5644
1261230015.5884
1261230015.6134
1261230015.6384
1261230015.6634
1261230015.6884
1261230015.7134
1261230015.7384
1261230015.7634
1261230015.7884
1261230015.8134
1261230015.8384
1261230015.8634
1261230015.8874
1261230015.9124
1261230015.9374
1261230015.9624
1261230015.9874
1261230016.0124
1261230016.0374
1261230016.0624
1261230016.1124
1261230016.1374
1261230016.1864
1261230016.2114
1261230016.2364
1261230016.2614
1261230016.2864
1261230016.3114
1261230016.3614
1261230016.3864
1261230016.4114
1261230016.4364
1261230016.4614
1261230016.5104
1261230016.5354
1261230016.5604
1261230016.5854
1261230016.6104
1261230016.6354
1261230016.6604
1261230016.6854
1261230016.7103
1261230016.7353
1261230016.7593
1261230016.7843
1261230016.8093
1261230016.8343
1261230016.8593
1261230016.8843
1261230016.9093
1261230016.9343
1261230016.9593
1261230016.9843
1261230017.0093
1261230017.0343
1261230017.0583
1261230017.0833
1261230017.1083
1261230017.1333
1261230017.1583
1261230017.1833
1261230017.2083
1261230017.2333
1261230017.2583
1261230017.2833
1261230017.3083
1261230017.3333
1261230017.3583
1261230017.3823
1261230017.4073
1261230017.4323
1261230017.4573
1261230017.4823
1261230017.5073
1261230017.5323
1261230017.5573
1261230017.5823
1261230017.6073
1261230017.6323
1261230017.6573
1261230017.6813
1261230017.7063
1261230017.7313
1261230017.7563
1261230017.7813
1261230017.8063
1261230017.8313
1261230017.8563
1261230017.8813
1261230017.9062
1261230017.9312
1261230017.9562
1261230017.9802
1261230018.0052
1261230018.0302
1261230018.0552
1261230018.0802
1261230018.1052
1261230018.1302
1261230018.1552
1261230018.1802
1261230018.2052
1261230018.2302
1261230018.2552
1261230018.2792
1261230018.3042
1261230018.3292
1261230018.3542
1261230018.3792
1261230018.4042
1261230018.4292
1261230018.4542
1261230018.4792
1261230018.5042
1261230018.5292
1261230018.5532
1261230018.5782
1261230018.6032
1261230018.6282
1261230018.6532
1261230018.6782
1261230018.7032
1261230018.7282
1261230018.7532
1261230018.7782
1261230018.8032
1261230018.8282
1261230018.8522
1261230018.8772
1261230018.9022
1261230018.9272
1261230018.9522
1261230018.9772
1261230019.0022
1261230019.0272
1261230019.0522
1261230019.0772
1261230019.1021
1261230019.1271
1261230019.1521
1261230019.1761
1261230019.2011
1261230019.2261
1261230019.2511
1261230019.2761
1261230019.3011
1261230019.3261
1261230019.3511
1261230019.3761
1261230019.4011
1261230019.4261
1261230019.4501
1261230019.4751
1261230019.5001
1261230019.5251
1261230019.5501
1261230019.5751
1261230019.6001
1261230019.6251
1261230019.6501
1261230019.6751
1261230019.7001
1261230019.7251
1261230019.7491
1261230019.7741
1261230019.7991
1261230019.8241
1261230019.8491
1261230019.8741
1261230019.8991
1261230019.9241
1261230019.9491
1261230019.9741
1261230019.9991
1261230020.0241
1261230020.0481
1261230020.0731
1261230020.0981
1261230020.1231
1261230020.1481
1261230020.1731
1261230020.1981
1261230020.2231
1261230020.2481
1261230020.2731
1261230020.2981
1261230020.3230
1261230020.3470
1261230020.3720
1261230020.3970
1261230020.4220
1261230020.4470
1261230020.4720
1261230020.4970
1261230020.5220
1261230020.5470
1261230020.5720
1261230020.5970
1261230020.6220
1261230020.6460
1261230020.6710
1261230020.6960
1261230020.7210
1261230020.7460
1261230020.7710
1261230020.7960
1261230020.8210
1261230020.8460
1261230020.8710
1261230020.8960
1261230020.9200
1261230020.9450
1261230020.9700
1261230020.9950
1261230021.0200
1261230021.0450
1261230021.0700
1261230021.0950
1261230021.1200
1261230021.1450
1261230021.1700
1261230021.1950
1261230021.2200
1261230021.2440
1261230021.2690
1261230021.2940
1261230021.3190
1261230021.3440
1261230021.3690
1261230021.3940
1261230021.4190
1261230021.4440
1261230021.4690
1261230021.4940
1261230021.5189
1261230021.5429
1261230021.5679
1261230021.5929
1261230021.6179
1261230021.6429
1261230021.6679
1261230021.6929
1261230021.7179
1261230021.7429
1261230021.7679
1261230021.7929
1261230021.8179
1261230021.8419
1261230021.8669
1261230021.8919
1261230021.9169
1261230021.9419
1261230021.9669
1261230021.9919
1261230022.0169
1261230022.0419
1261230022.0669
1261230022.0919
1261230022.1169
1261230022.1409
1261230022.1659
1261230022.1909
1261230022.2159
1261230022.2409
1261230022.2659
1261230022.2909
1261230022.3159
1261230022.3409
1261230022.3659
1261230022.3909
1261230022.4159
1261230022.4399
1261230022.4649
1261230022.4899
1261230022.5149
1261230022.5399
1261230022.5649
1261230022.5899
1261230022.6149
1261230022.6399
1261230022.6649
1261230022.6899
1261230022.7148
1261230022.7388
1261230022.7638
1261230022.7888
1261230022.8138
1261230022.8388
1261230022.8638
1261230022.8888
1261230022.9138
1261230022.9388
1261230022.9638
1261230022.9888
1261230023.0138
1261230023.0378
1261230023.0628
1261230023.0878
1261230023.1128
1261230023.1378
1261230023.1628
1261230023.1878
1261230023.2128
1261230023.2378
1261230023.2628
1261230023.2878
1261230023.3128
1261230023.3368
1261230023.3618
1261230023.3868
1261230023.4118
1261230023.4368
1261230023.4618
1261230023.4868
1261230023.5118
1261230023.5368
1261230023.5618
1261230023.5868
1261230023.6108
1261230023.6358
1261230023.6608
1261230023.6858
1261230023.7108
1261230023.7358
1261230023.7608
1261230023.7858
1261230023.8108
1261230023.8358
1261230023.8608
1261230023.8858
1261230023.9097
1261230023.9347
1261230023.9597
1261230023.9847
1261230024.0097
1261230024.0347
1261230024.0597
1261230024.0847
1261230024.1097
1261230024.1347
1261230024.1597
1261230024.1847
1261230024.2087
1261230024.2337
1261230024.2587
1261230024.2837
1261230024.3087
1261230024.3337
1261230024.3587
1261230024.3837
1261230024.4087
1261230024.4337
1261230024.4587
1261230024.4837
1261230024.5077
1261230024.5327
1261230024.5577
1261230024.5827
1261230024.6077
1261230024.6327
1261230024.6577
1261230024.6827
1261230024.7077
1261230024.7327
1261230024.7577
1261230024.7827
1261230024.8067
1261230024.8317
1261230024.8567
1261230024.8817
1261230024.9067
1261230024.9317
1261230024.9567
1261230024.9817
1261230025.0067
1261230025.0317
1261230025.0567
1261230025.0817
1261230025.1056
1261230025.1306
1261230025.1556
1261230025.1806
1261230025.2056
1261230025.2306
1261230025.2556
1261230025.2806
1261230025.3056
1261230025.3306
1261230025.3556
1261230025.3796
1261230025.4046
1261230025.4296
1261230025.4546
1261230025.4796
1261230025.5046
1261230025.5296
1261230025.5546
1261230025.5796
1261230025.6046
1261230025.6296
1261230025.6546
1261230025.6796
1261230025.7036
1261230025.7286
1261230025.7536
1261230025.7786
1261230025.8036
1261230025.8286
1261230025.8536
1261230025.8786
1261230025.9036
1261230025.9286
1261230025.9536
1261230025.9776
1261230026.0026
1261230026.0276
1261230026.0526
1261230026.0776
1261230026.1026
1261230026.1276
1261230026.1526
1261230026.1776
1261230026.2026
1261230026.2276
1261230026.2526
1261230026.2776
1261230026.3015
1261230026.3265
1261230026.3515
1261230026.3765
1261230026.4015
1261230026.4265
1261230026.4515
1261230026.4765
1261230026.5015
1261230026.5265
1261230026.5515
1261230026.5755
1261230026.6005
1261230026.6255
1261230026.6505
1261230026.6755
1261230026.7005
1261230026.7255
1261230026.7505
1261230026.7755
1261230026.8005
1261230026.8255
1261230026.8505
1261230026.8745
1261230026.8995
1261230026.9245
1261230026.9495
1261230026.9745
1261230026.9995
1261230027.0245
1261230027.0495
1261230027.0745
1261230027.0995
1261230027.1245
1261230027.1495
1261230027.1735
1261230027.1985
1261230027.2235
1261230027.2485
1261230027.2735
1261230027.2985
1261230027.3235
1261230027.3485
1261230027.3735
1261230027.3985
1261230027.4235
1261230027.4485
1261230027.4725
1261230027.4975
1261230027.5224
1261230027.5474
1261230027.5724
1261230027.5974
1261230027.6224
1261230027.6474
1261230027.6724
1261230027.6974
1261230027.7224
1261230027.7474
1261230027.7714
1261230027.7964
1261230027.8214
1261230027.8464
1261230027.8714
1261230027.8964
1261230027.9214
1261230027.9464
1261230027.9714
1261230027.9964
1261230028.0214
1261230028.0454
1261230028.0704
1261230028.0954
1261230028.1204
1261230028.1454
1261230028.1704
1261230028.1954
1261230028.2204
1261230028.2454
1261230028.2704
1261230028.2954
1261230028.3204
1261230028.3454
1261230028.3694
1261230028.3944
1261230028.4194
1261230028.4444
1261230028.4694
1261230028.4944
1261230028.5194
1261230028.5444
1261230028.5694
1261230028.5944
1261230028.6194
1261230028.6434
1261230028.6684
1261230028.6934
1261230028.7183
1261230028.7433
1261230028.7683
1261230028.7933
1261230028.8183
1261230028.8433
1261230028.8683
1261230028.8933
1261230028.9183
1261230028.9423
1261230028.9673
1261230028.9923
1261230029.0173
1261230029.0423
1261230029.0673
1261230029.0923
1261230029.1173
1261230029.1423
1261230029.1673
1261230029.1923
1261230029.2173
1261230029.2413
1261230029.2663
1261230029.2913
1261230029.3163
1261230029.3413
1261230029.3663
1261230029.3913
1261230029.4163
1261230029.4413
1261230029.4663
1261230029.4913
1261230029.5163
1261230029.5403
1261230029.5653
1261230029.5903
1261230029.6153
1261230029.6403
1261230029.6653
1261230029.6903
1261230029.7153
1261230029.7403
1261230029.7653
1261230029.7903
1261230029.8143
1261230029.8393
1261230029.8643
1261230029.8893
1261230029.9142
1261230029.9392
1261230029.9642
1261230029.9892
1261230030.0142
1261230030.0392
1261230030.0642
1261230030.0892
1261230030.1142
1261230030.1382
1261230030.1632
1261230030.1882
1261230030.2132
1261230030.2382
1261230030.2632
1261230030.2882
1261230030.3132
1261230030.3382
1261230030.3882
1261230030.4122
1261230030.4372
1261230030.4622
1261230030.4872
1261230030.5122
1261230030.5372
1261230030.5622
1261230030.5872
1261230030.6122
1261230030.6372
1261230030.6622
1261230030.6862
1261230030.7112
1261230030.7362
1261230030.7612
1261230030.7862
1261230030.8112
1261230030.8362
1261230030.8612
1261230030.8862
1261230030.9112
1261230030.9362
1261230030.9612
1261230030.9862
1261230031.0102
1261230031.0352
1261230031.0602
1261230031.0852
1261230031.1101
1261230031.1351
1261230031.1601
1261230031.1851
1261230031.2101
1261230031.2351
1261230031.2601
1261230031.2851
1261230031.3091
1261230031.3341
1261230031.3591
1261230031.3841
1261230031.4091
1261230031.4341
1261230031.4591
1261230031.4841
1261230031.5091
1261230031.5341
1261230031.5591
1261230031.5841
1261230031.6081
1261230031.6331
1261230031.6581
1261230031.6831
1261230031.7081
1261230031.7331
1261230031.7581
1261230031.7831
1261230031.8081
1261230031.8331
1261230031.8581
1261230031.8821
1261230031.9071
1261230031.9321
1261230031.9571
1261230031.9821
1261230032.0071
1261230032.0321
1261230032.0571
1261230032.0821
1261230032.1071
1261230032.1321
1261230032.1571
1261230032.1811
1261230032.2061
1261230032.2061
1261230032.2561
1261230032.2811
1261230032.3060
1261230032.3310
1261230032.3560
1261230032.3810
1261230032.4060
1261230032.4310
1261230032.4560
1261230032.4800
1261230032.5050
1261230032.5300
1261230032.5550
1261230032.5800
1261230032.6050
1261230032.6300
1261230032.6550
1261230032.6800
1261230032.7050
1261230032.7300
1261230032.7540
1261230032.7790
1261230032.8040
1261230032.8290
1261230032.8540
1261230032.8790
1261230032.9040
1261230032.9290
1261230032.9540
1261230032.9790
1261230033.0040
1261230033.0290
1261230033.0530
1261230033.0780
1261230033.1030
1261230033.1280
1261230033.1530
1261230033.1780
1261230033.2030
1261230033.2280
1261230033.2530
1261230033.2780
1261230033.3030
1261230033.3280
1261230033.3520
1261230033.3770
1261230033.4020
1261230033.4270
1261230033.4520
1261230033.4770
1261230033.5019
1261230033.5269
1261230033.5519
1261230033.5769
1261230033.6019
1261230033.6269
1261230033.6509
1261230033.6759
1261230033.7009
1261230033.7259
1261230033.7509
1261230033.7759
1261230033.8009
1261230033.8259
1261230033.8509
1261230033.8759
1261230033.9009
1261230033.9259
1261230033.9499
1261230033.9749
1261230033.9999
1261230034.0249
1261230034.0499
1261230034.0749
1261230034.0999
1261230034.1249
1261230034.1499
1261230034.1749
1261230034.1999
1261230034.2239
1261230034.2489
1261230034.2739
1261230034.2989
1261230034.3239
1261230034.3489
1261230034.3739
1261230034.3989
1261230034.4239
1261230034.4489
1261230034.4739
1261230034.4989
1261230034.5229
1261230034.5479
1261230034.5729
1261230034.5979
1261230034.6229
1261230034.6479
1261230034.6729
1261230034.6979
1261230034.7228
1261230034.7478
1261230034.7728
1261230034.7978
1261230034.8218
1261230034.8468
1261230034.8718
1261230034.8968
1261230034.9218
1261230034.9468
1261230034.9718
1261230034.9968
1261230035.0218
1261230035.0718
1261230035.0968
1261230035.1208
1261230035.1458
1261230035.1708
1261230035.1958
1261230035.2208
1261230035.2458
1261230035.2708
1261230035.2958
1261230035.3208
1261230035.3458
1261230035.3708
1261230035.3948
1261230035.4198
1261230035.4448
1261230035.4698
1261230035.4948
1261230035.5198
1261230035.5448
1261230035.5698
1261230035.5948
1261230035.6198
1261230035.6448
1261230035.6698
1261230035.6938
1261230035.7188
1261230035.7438
1261230035.7688
1261230035.7938
1261230035.8188
1261230035.8438
1261230035.8688
1261230035.8938
1261230035.9187
1261230035.9437
1261230035.9687
1261230035.9927
1261230036.0177
1261230036.0427
1261230036.0677
1261230036.0927
1261230036.1177
1261230036.1427
1261230036.1677
1261230036.1927
1261230036.2177
1261230036.2427
1261230036.2667
1261230036.2917
1261230036.3167
1261230036.3417
1261230036.3667
1261230036.3917
1261230036.4167
1261230036.4417
1261230036.4667
1261230036.4917
1261230036.5167
1261230036.5417
1261230036.5657
1261230036.5907
1261230036.6157
1261230036.6407
1261230036.6657
1261230036.6907
1261230036.7157
1261230036.7407
1261230036.7657
1261230036.7907
1261230036.8157
1261230036.8407
1261230036.8647
1261230036.8897
1261230036.9147
1261230036.9397
1261230036.9647
1261230036.9897
1261230037.0147
1261230037.0397
1261230037.0647
1261230037.0897
1261230037.1146
1261230037.1396
1261230037.1636
1261230037.1886
1261230037.2136
1261230037.2386
1261230037.2636
1261230037.2886
1261230037.3136
1261230037.3386
1261230037.3636
1261230037.3886
1261230037.4136
1261230037.4386
1261230037.4626
1261230037.4876
1261230037.5126
1261230037.5376
1261230037.5626
1261230037.5876
1261230037.6126
1261230037.6376
1261230037.6626
1261230037.6876
1261230037.7126
1261230037.7366
1261230037.7616
1261230037.7866
1261230037.8116
1261230037.8366
1261230037.8616
1261230037.8866
1261230037.9116
1261230037.9366
1261230037.9616
1261230037.9866
1261230038.0116
1261230038.0356
1261230038.0606
1261230038.0856
1261230038.1106
1261230038.1356
1261230038.1606
1261230038.1856
1261230038.2106
1261230038.2356
1261230038.2606
1261230038.2856
1261230038.3105
1261230038.3345
1261230038.3595
1261230038.3845
1261230038.4095
1261230038.4345
1261230038.4595
1261230038.4845
1261230038.5095
1261230038.5345
1261230038.5595
1261230038.5845
1261230038.6095
1261230038.6335
1261230038.6585
1261230038.6835
1261230038.7085
1261230038.7335
1261230038.7585
1261230038.7835
1261230038.8085
1261230038.8335
1261230038.8585
1261230038.8835
1261230038.9075
1261230038.9325
1261230038.9575
1261230038.9825
1261230039.0075
1261230039.0325
1261230039.0575
1261230039.0825
1261230039.1075
1261230039.1325
1261230039.1575
1261230039.1825
1261230039.2065
1261230039.2315
1261230039.2565
1261230039.2815
1261230039.3065
1261230039.3315
1261230039.3565
1261230039.3815
1261230039.4065
1261230039.4315
1261230039.4565
1261230039.4815
1261230039.5054
1261230039.5304
1261230039.5554
1261230039.5804
1261230039.6054
1261230039.6304
1261230039.6554
1261230039.6804
1261230039.7054
1261230039.7304
1261230039.7554
1261230039.7804
1261230039.8044
1261230039.8294
1261230039.8544
1261230039.8794
1261230039.9044
1261230039.9294
1261230039.9544
1261230039.9794
1261230040.0044
1261230040.0294
1261230040.0544
1261230040.0784
1261230040.1034
1261230040.1284
1261230040.1534
1261230040.1784
1261230040.2034
1261230040.2284
1261230040.2534
1261230040.2784
1261230040.3034
1261230040.3284
1261230040.3534
1261230040.3774
1261230040.4024
1261230040.4274
1261230040.4524
1261230040.4774
1261230040.5024
1261230040.5274
1261230040.5524
1261230040.5774
1261230040.6024
1261230040.6274
1261230040.6524
1261230040.6764
1261230040.7013
1261230040.7263
1261230040.7513
1261230040.7763
1261230040.8013
1261230040.8263
1261230040.8513
1261230040.8763
1261230040.9013
1261230040.9263
1261230040.9513
1261230040.9753
1261230041.0003
1261230041.0253
1261230041.0503
1261230041.0753
1261230041.1003
1261230041.1253
1261230041.1503
1261230041.1753
1261230041.2003
1261230041.2253
1261230041.2503
1261230041.2743
1261230041.2993
1261230041.3243
1261230041.3493
1261230041.3743
1261230041.3993
1261230041.4243
1261230041.4493
1261230041.4743
1261230041.4993
1261230041.5243
1261230041.5483
1261230041.5733
1261230041.5983
1261230041.6233
1261230041.6483
1261230041.6733
1261230041.6983
1261230041.7233
1261230041.7483
1261230041.7733
1261230041.7983
1261230041.8233
1261230041.8473
1261230041.8723
1261230041.8973
1261230041.9222
1261230041.9472
1261230041.9722
1261230041.9972
1261230042.0222
1261230042.0472
1261230042.0722
1261230042.0972
1261230042.1222
1261230042.1462
1261230042.1712
1261230042.1962
1261230042.2212
1261230042.2462
1261230042.2712
1261230042.2962
1261230042.3212
1261230042.3462
1261230042.3712
1261230042.3962
1261230042.4212
1261230042.4452
1261230042.4702
1261230042.4952
1261230042.5202
1261230042.5452
1261230042.5702
1261230042.5952
1261230042.6202
1261230042.6452
1261230042.6702
1261230042.6952
1261230042.7192
1261230042.7442
1261230042.7692
1261230042.7942
1261230042.8192
1261230042.8442
1261230042.8692
1261230042.8942
1261230042.9192
1261230042.9442
1261230042.9692
1261230042.9942
1261230043.0182
1261230043.0432
1261230043.0682
1261230043.0932
1261230043.1181
1261230043.1431
1261230043.1681
1261230043.1931
1261230043.2181
1261230043.2431
1261230043.2681
1261230043.2931
1261230043.3171
1261230043.3421
1261230043.3671
1261230043.3921
1261230043.4171
1261230043.4421
1261230043.4671
1261230043.4921
1261230043.5171
1261230043.5421
1261230043.5671
1261230043.5921
1261230043.6161
1261230043.6411
1261230043.6661
1261230043.6911
1261230043.7161
1261230043.7411
1261230043.7661
1261230043.7911
1261230043.8161
1261230043.8411
1261230043.8661
1261230043.8911
1261230043.9151
1261230043.9401
1261230043.9651
1261230043.9901
1261230044.0151
1261230044.0401
1261230044.0651
1261230044.0901
1261230044.1151
1261230044.1401
1261230044.1651
1261230044.1901
1261230044.2141
1261230044.2391
1261230044.2641
1261230044.2891
1261230044.3140
1261230044.3390
1261230044.3640
1261230044.3890
1261230044.4140
1261230044.4390
1261230044.4640
1261230044.4890
1261230044.5130
1261230044.5380
1261230044.5630
1261230044.5880
1261230044.6130
1261230044.6380
1261230044.6630
1261230044.6880
1261230044.7130
1261230044.7380
1261230044.7630
1261230044.7880
1261230044.8120
1261230044.8370
1261230044.8620
1261230044.8870
1261230044.9120
1261230044.9370
1261230044.9620
1261230044.9870
1261230045.0120
1261230045.0370
1261230045.0620
1261230045.0860
1261230045.1110
1261230045.1360
1261230045.1610
1261230045.1860
1261230045.2110
1261230045.2360
1261230045.2610
1261230045.2860
1261230045.3110
1261230045.3360
1261230045.3610
1261230045.3850
1261230045.4100
1261230045.4350
1261230045.4600
1261230045.4850
1261230045.5099
1261230045.5349
1261230045.5599
1261230045.5849
1261230045.6099
1261230045.6349
1261230045.6599
1261230045.6839
1261230045.7089
1261230045.7339
1261230045.7589
1261230045.7839
1261230045.8089
1261230045.8339
1261230045.8589
1261230045.8839
1261230045.9089
1261230045.9339
1261230045.9589
1261230045.9829
1261230046.0079
1261230046.0329
1261230046.0579
1261230046.0829
1261230046.1079
1261230046.1329
1261230046.1579
1261230046.1829
1261230046.2079
1261230046.2329
1261230046.2579
1261230046.2819
1261230046.3069
1261230046.3319
1261230046.3569
1261230046.3819
1261230046.4069
1261230046.4319
1261230046.4569
1261230046.4819
1261230046.5069
1261230046.5319
1261230046.5569
1261230046.5809
1261230046.6059
1261230046.6309
1261230046.6559
1261230046.6809
1261230046.7058
1261230046.7308
1261230046.7558
1261230046.7808
1261230046.8058
1261230046.8308
1261230046.8558
1261230046.8798
1261230046.9048
1261230046.9298
1261230046.9548
1261230046.9798
1261230047.0048
1261230047.0298
1261230047.0548
1261230047.0798
1261230047.1048
1261230047.1298
1261230047.1538
1261230047.1788
1261230047.2038
1261230047.2288
1261230047.2538
1261230047.2788
1261230047.3038
1261230047.3288
1261230047.3538
1261230047.3788
1261230047.4038
1261230047.4288
1261230047.4538
1261230047.4778
1261230047.5028
1261230047.5278
1261230047.5528
1261230047.5778
1261230047.6028
1261230047.6278
1261230047.6528
1261230047.6778
1261230047.7028
1261230047.7278
1261230047.7528
1261230047.7768
1261230047.8018
1261230047.8268
1261230047.8518
1261230047.8768
1261230047.9017
1261230047.9267
1261230047.9517
1261230047.9767
1261230048.0017
1261230048.0267
1261230048.0507
1261230048.0757
1261230048.1007
1261230048.1257
1261230048.1507
1261230048.1757
1261230048.2007
1261230048.2257
1261230048.2507
1261230048.2757
1261230048.3007
1261230048.3257
1261230048.3497
1261230048.3747
1261230048.3997
1261230048.4247
1261230048.4497
1261230048.4747
1261230048.4997
1261230048.5247
1261230048.5497
1261230048.5747
1261230048.5997
1261230048.6247
1261230048.6497
1261230048.6737
1261230048.6987
1261230048.7237
1261230048.7487
1261230048.7737
1261230048.7987
1261230048.8237
1261230048.8487
1261230048.8737
1261230048.8987
1261230048.9237
1261230048.9477
1261230048.9727
1261230048.9977
1261230049.0227
1261230049.0477
1261230049.0727
1261230049.0977
1261230049.1226
1261230049.1476
1261230049.1726
1261230049.1976
1261230049.2226
1261230049.2476
1261230049.2716
1261230049.2966
1261230049.3216
1261230049.3466
1261230049.3716
1261230049.3966
1261230049.4216
1261230049.4466
1261230049.4716
1261230049.4966
1261230049.5216
1261230049.5466
1261230049.5706
1261230049.5956
1261230049.6206
1261230049.6456
1261230049.6706
1261230049.6956
1261230049.7206
1261230049.7456
1261230049.7706
1261230049.7956
1261230049.8206
1261230049.8446
1261230049.8696
1261230049.8946
1261230049.9196
1261230049.9446
1261230049.9696
1261230049.9946
1261230050.0196
1261230050.0446
1261230050.0696
1261230050.0946
1261230050.1196
1261230050.1446
1261230050.1686
1261230050.1936
1261230050.2186
1261230050.2436
1261230050.2686
1261230050.2936
1261230050.3185
1261230050.3435
1261230050.3685
1261230050.3935
1261230050.4185
1261230050.4435
1261230050.4675
1261230050.4925
1261230050.5175
1261230050.5425
1261230050.5675
1261230050.5925
1261230050.6175
1261230050.6425
1261230050.6675
1261230050.6925
1261230050.7175
1261230050.7425
1261230050.7665
1261230050.7915
1261230050.8165
1261230050.8415
1261230050.8665
1261230050.8915
1261230050.9165
1261230050.9415
1261230050.9665
1261230050.9915
1261230051.0165
1261230051.0415
1261230051.0655
1261230051.0905
1261230051.1155
1261230051.1405
1261230051.1655
1261230051.1905
1261230051.2155
1261230051.2405
1261230051.2655
1261230051.2905
1261230051.3155
1261230051.3405
1261230051.3645
1261230051.3895
1261230051.4145
1261230051.4395
1261230051.4645
1261230051.4895
1261230051.5144
1261230051.5394
1261230051.5644
1261230051.5894
1261230051.6144
1261230051.6394
1261230051.6634
1261230051.6884
1261230051.7134
1261230051.7384
1261230051.7634
1261230051.7884
1261230051.8134
1261230051.8384
1261230051.8634
1261230051.8884
1261230051.9134
1261230051.9384
1261230051.9624
1261230051.9874
1261230052.0124
1261230052.0374
1261230052.0624
1261230052.0874
1261230052.1124
1261230052.1374
1261230052.1624
1261230052.1874
1261230052.2124
1261230052.2374
1261230052.2624
1261230052.2864
1261230052.3114
1261230052.3364
1261230052.3614
1261230052.3864
1261230052.4114
1261230052.4364
1261230052.4614
1261230052.4864
1261230052.5114
1261230052.5364
1261230052.5614
1261230052.5854
1261230052.6104
1261230052.6354
1261230052.6604
1261230052.6854
1261230052.7103
1261230052.7353
1261230052.7603
1261230052.7853
1261230052.8103
1261230052.8353
1261230052.8603
1261230052.8843
1261230052.9093
1261230052.9343
1261230052.9593
1261230052.9843
1261230053.0093
1261230053.0343
1261230053.0593
1261230053.0843
1261230053.1093
1261230053.1343
1261230053.1593
1261230053.1833
1261230053.2083
1261230053.2333
1261230053.2583
1261230053.2833
1261230053.3083
1261230053.3333
1261230053.3583
1261230053.3833
1261230053.4083
1261230053.4333
1261230053.4583
1261230053.4823
1261230053.5073
1261230053.5323
1261230053.5573
1261230053.5823
1261230053.6073
1261230053.6323
1261230053.6573
1261230053.6823
1261230053.7073
1261230053.7323
1261230053.7573
1261230053.7823
1261230053.8063
1261230053.8313
1261230053.8563
1261230053.8813
1261230053.9062
1261230053.9312
1261230053.9562
1261230053.9812
1261230054.0062
1261230054.0312
1261230054.0562
1261230054.0812
1261230054.1052
1261230054.1302
1261230054.1552
1261230054.1802
1261230054.2052
1261230054.2302
1261230054.2552
1261230054.2802
1261230054.3052
1261230054.3302
1261230054.3552
1261230054.3802
1261230054.4042
1261230054.4292
1261230054.4542
1261230054.4792
1261230054.5042
1261230054.5292
1261230054.5542
1261230054.5792
1261230054.6042
1261230054.6292
1261230054.6542
1261230054.6792
1261230054.7042
1261230054.7282
1261230054.7532
1261230054.7782
1261230054.8032
1261230054.8282
1261230054.8532
1261230054.8782
1261230054.9032
1261230054.9282
1261230054.9532
1261230054.9782
1261230055.0032
1261230055.0272
1261230055.0522
1261230055.0772
1261230055.1021
1261230055.1271
1261230055.1521
1261230055.1771
1261230055.2021
1261230055.2271
1261230055.2521
1261230055.2771
1261230055.3021
1261230055.3261
1261230055.3511
1261230055.3761
1261230055.4011
1261230055.4261
1261230055.4511
1261230055.4761
1261230055.5011
1261230055.5261
1261230055.5511
1261230055.5761
1261230055.6011
1261230055.6261
1261230055.6501
1261230055.6751
1261230055.7001
1261230055.7251
1261230055.7501
1261230055.7751
1261230055.8001
1261230055.8251
1261230055.8501
1261230055.8751
1261230055.9001
1261230055.9251
1261230055.9491
1261230055.9741
1261230055.9991
1261230056.0241
1261230056.0491
1261230056.0741
1261230056.0991
1261230056.1241
1261230056.1491
1261230056.1741
1261230056.1991
1261230056.2241
1261230056.2491
1261230056.2731
1261230056.2981
1261230056.3230
1261230056.3480
1261230056.3730
1261230056.3980
1261230056.4230
1261230056.4730
1261230056.4980
1261230056.5230
1261230056.5470
1261230056.5720
1261230056.5970
1261230056.6220
1261230056.6470
1261230056.6720
1261230056.6970
1261230056.7220
1261230056.7470
1261230056.7720
1261230056.7970
1261230056.8220
1261230056.8470
1261230056.8710
1261230056.8960
1261230056.9210
1261230056.9460
1261230056.9710
1261230056.9960
1261230057.0210
1261230057.0460
1261230057.0710
1261230057.0960
1261230057.1210
1261230057.1460
1261230057.1700
1261230057.1950
1261230057.2200
1261230057.2450
1261230057.2700
1261230057.2950
1261230057.3200
1261230057.3450
1261230057.3700
1261230057.3950
1261230057.4200
1261230057.4450
1261230057.4700
1261230057.4940
1261230057.5189
1261230057.5439
1261230057.5689
1261230057.5939
1261230057.6189
1261230057.6439
1261230057.6689
1261230057.6939
1261230057.7189
1261230057.7439
1261230057.7689
1261230057.7939
1261230057.8179
1261230057.8429
1261230057.8679
1261230057.8929
1261230057.9179
1261230057.9429
1261230057.9679
1261230057.9929
1261230058.0179
1261230058.0429
1261230058.0679
1261230058.0929
1261230058.1169
1261230058.1419
1261230058.1669
1261230058.1919
1261230058.2169
1261230058.2419
1261230058.2669
1261230058.2919
1261230058.3169
1261230058.3419
1261230058.3669
1261230058.3919
1261230058.4159
1261230058.4409
1261230058.4659
1261230058.4909
1261230058.5159
1261230058.5409
1261230058.5659
1261230058.5909
1261230058.6159
1261230058.6409
1261230058.6659
1261230058.6909
1261230058.7158
1261230058.7398
1261230058.7648
1261230058.7898
1261230058.8148
1261230058.8398
1261230058.8648
1261230058.8898
1261230058.9148
1261230058.9398
1261230058.9648
1261230058.9898
1261230059.0148
1261230059.0388
1261230059.0638
1261230059.0888
1261230059.1138
1261230059.1388
1261230059.1638
1261230059.2138
1261230059.2388
1261230059.2638
1261230059.2888
1261230059.3138
1261230059.3388
1261230059.3628
1261230059.3878
1261230059.4128
1261230059.4378
1261230059.4628
1261230059.4878
1261230059.5128
1261230059.5378
1261230059.5628
1261230059.5878
1261230059.6128
1261230059.6378
1261230059.6618
1261230059.6868
1261230059.7118
1261230059.7368
1261230059.7618
1261230059.7868
1261230059.8118
1261230059.8368
1261230059.8618
1261230059.8868
1261230059.9117
1261230059.9367
1261230059.9607
1261230059.9857
1261230060.0107
1261230060.0357
1261230060.0607
1261230060.0857
1261230060.1107
1261230060.1357
1261230060.1607
1261230060.1857
1261230060.2107
1261230060.2357
1261230060.2607
1261230060.2857
1261230060.3097
1261230060.3347
1261230060.3597
1261230060.3847
1261230060.4097
1261230060.4347
1261230060.4597
1261230060.4847
1261230060.5097
1261230060.5347
1261230060.5597
1261230060.5847
1261230060.6087
1261230060.6337
1261230060.6587
1261230060.6837
1261230060.7087
1261230060.7337
1261230060.7587
1261230060.7837
1261230060.8087
1261230060.8337
1261230060.8587
1261230060.8837
1261230060.9087
1261230060.9327
1261230060.9577
1261230060.9827
1261230061.0077
1261230061.0327
1261230061.0577
1261230061.0827
1261230061.1076
1261230061.1326
1261230061.1576
1261230061.1826
1261230061.2076
1261230061.2326
1261230061.2566
1261230061.2816
1261230061.3066
1261230061.3316
1261230061.3566
1261230061.3816
1261230061.4066
1261230061.4316
1261230061.4566
1261230061.4816
1261230061.5066
1261230061.5316
1261230061.5556
1261230061.5806
1261230061.6056
1261230061.6306
1261230061.6556
1261230061.6806
1261230061.7056
1261230061.7306
1261230061.7556
1261230061.7806
1261230061.8056
1261230061.8306
1261230061.8546
1261230061.8796
1261230061.9046
1261230061.9296
1261230061.9546
1261230061.9796
1261230062.0046
1261230062.0296
1261230062.0546
1261230062.0796
1261230062.1046
1261230062.1296
1261230062.1546
1261230062.1786
1261230062.2036
1261230062.2286
1261230062.2536
1261230062.2786
1261230062.3035
1261230062.3285
1261230062.3535
1261230062.3785
1261230062.4035
1261230062.4285
1261230062.4535
1261230062.4785
1261230062.5025
1261230062.5275
1261230062.5525
1261230062.5775
1261230062.6025
1261230062.6275
1261230062.6525
1261230062.6775
1261230062.7025
1261230062.7275
1261230062.7525
1261230062.7775
1261230062.8025
1261230062.8265
1261230062.8515
1261230062.8765
1261230062.9015
1261230062.9265
1261230062.9515
1261230062.9765
1261230063.0015
1261230063.0265
1261230063.0515
1261230063.0765
1261230063.1015
1261230063.1255
1261230063.1505
1261230063.1755
1261230063.2005
1261230063.2255
1261230063.2505
1261230063.2755
1261230063.3005
1261230063.3255
1261230063.3505
1261230063.3755
1261230063.4005
1261230063.4255
1261230063.4495
1261230063.4745
1261230063.4994
1261230063.5244
1261230063.5494
1261230063.5744
1261230063.5994
1261230063.6244
1261230063.6494
1261230063.6744
1261230063.6994
1261230063.7244
1261230063.7494
1261230063.7734
1261230063.7984
1261230063.8234
1261230063.8484
1261230063.8734
1261230063.8984
1261230063.9234
1261230063.9484
1261230063.9734
1261230063.9984
1261230064.0234
1261230064.0474
1261230064.0724
1261230064.0974
1261230064.1224
1261230064.1474
1261230064.1724
1261230064.1974
1261230064.2224
1261230064.2474
1261230064.2724
1261230064.2974
1261230064.3224
1261230064.3474
1261230064.3724
1261230064.3964
1261230064.4214
1261230064.4464
1261230064.4714
1261230064.5214
1261230064.5464
1261230064.5714
1261230064.5964
1261230064.6214
1261230064.6464
1261230064.6714
1261230064.6964
1261230064.7203
1261230064.7453
1261230064.7703
1261230064.7953
1261230064.8203
1261230064.8453
1261230064.8703
1261230064.8953
1261230064.9203
1261230064.9453
1261230064.9703
1261230064.9953
1261230065.0193
1261230065.0443
1261230065.0693
1261230065.1193
1261230065.1443
1261230065.1693
1261230065.1943
1261230065.2193
1261230065.2443
1261230065.2693
1261230065.2943
1261230065.3193
1261230065.3433
1261230065.3683
1261230065.3933
1261230065.4183
1261230065.4433
1261230065.4683
1261230065.4933
1261230065.5183
1261230065.5433
1261230065.5683
1261230065.5933
1261230065.6183
1261230065.6433
1261230065.6673
1261230065.6923
1261230065.7173
1261230065.7423
1261230065.7673
1261230065.7923
1261230065.8173
1261230065.8423
1261230065.8673
1261230065.8923
1261230065.9172
1261230065.9422
1261230065.9662
1261230065.9912
1261230066.0162
1261230066.0412
1261230066.0662
1261230066.0912
1261230066.1162
1261230066.1412
1261230066.1662
1261230066.1912
1261230066.2162
1261230066.2412
1261230066.2662
1261230066.2902
1261230066.3152
1261230066.3402
1261230066.3652
1261230066.3902
1261230066.4152
1261230066.4402
1261230066.4652
1261230066.4902
1261230066.5152
1261230066.5402
1261230066.5652
1261230066.5892
1261230066.6142
1261230066.6392
1261230066.6642
1261230066.6892
1261230066.7142
1261230066.7392
1261230066.7642
1261230066.7892
1261230066.8142
1261230066.8392
1261230066.8642
1261230066.8892
1261230066.9142
1261230066.9382
1261230066.9632
1261230066.9882
1261230067.0132
1261230067.0382
1261230067.0632
1261230067.0882
1261230067.1131
1261230067.1381
1261230067.1631
1261230067.1881
1261230067.2131
1261230067.2371
1261230067.2621
1261230067.2871
1261230067.3121
1261230067.3371
1261230067.3621
1261230067.3871
1261230067.4121
1261230067.4371
1261230067.4621
1261230067.4871
1261230067.5121
1261230067.5371
1261230067.5611
1261230067.5861
1261230067.6111
1261230067.6361
1261230067.6611
1261230067.6861
1261230067.7111
1261230067.7361
1261230067.7611
1261230067.7861
1261230067.8111
1261230067.8361
1261230067.8611
1261230067.8851
1261230067.9101
1261230067.9351
1261230067.9601
1261230067.9851
1261230068.0101
1261230068.0351
1261230068.0601
1261230068.0851
1261230068.1101
1261230068.1351
1261230068.1601
1261230068.1841
1261230068.2091
1261230068.2341
1261230068.2591
1261230068.2841
1261230068.3090
1261230068.3340
1261230068.3590
1261230068.3840
1261230068.4090
1261230068.4340
1261230068.4590
1261230068.4840
1261230068.5080
1261230068.5330
1261230068.5580
1261230068.5830
1261230068.6080
1261230068.6330
1261230068.6580
1261230068.6830
1261230068.7080
1261230068.7330
1261230068.7580
1261230068.7830
1261230068.8080
1261230068.8320
1261230068.8570
1261230068.8820
1261230068.9070
1261230068.9320
1261230068.9570
1261230068.9820
1261230069.0070
1261230069.0320
1261230069.0570
1261230069.0820
1261230069.1070
1261230069.1320
1261230069.1560
1261230069.1810
1261230069.2060
1261230069.2310
1261230069.2560
1261230069.2810
1261230069.3060
1261230069.3310
1261230069.3560
1261230069.3810
1261230069.4060
1261230069.4310
1261230069.4550
1261230069.4800
1261230069.5049
1261230069.5299
1261230069.5549
1261230069.5799
1261230069.6049
1261230069.6299
1261230069.6549
1261230069.6799
1261230069.7049
1261230069.7299
1261230069.7549
1261230069.7789
1261230069.8039
1261230069.8289
1261230069.8539
1261230069.8789
1261230069.9039
1261230069.9289
1261230069.9539
1261230069.9789
1261230070.0039
1261230070.0289
1261230070.0539
1261230070.0789
1261230070.1029
1261230070.1279
1261230070.1529
1261230070.1779
1261230070.2029
1261230070.2279
1261230070.2529
1261230070.2779
1261230070.3029
1261230070.3279
1261230070.3529
1261230070.3779
1261230070.4029
1261230070.4269
1261230070.4519
1261230070.4769
1261230070.5019
1261230070.5269
1261230070.5519
1261230070.5769
1261230070.6019
1261230070.6269
1261230070.6519
1261230070.6769
1261230070.7018
1261230070.7268
1261230070.7508
1261230070.7758
1261230070.8008
1261230070.8258
1261230070.8508
1261230070.8758
1261230070.9008
1261230070.9258
1261230070.9508
1261230070.9758
1261230071.0008
1261230071.0258
1261230071.0498
1261230071.0748
1261230071.0998
1261230071.1248
1261230071.1498
1261230071.1748
1261230071.1998
1261230071.2248
1261230071.2498
1261230071.2748
1261230071.2998
1261230071.3248
1261230071.3498
1261230071.3738
1261230071.3988
1261230071.4238
1261230071.4488
1261230071.4738
1261230071.4988
1261230071.5238
1261230071.5488
1261230071.5738
1261230071.5988
1261230071.6238
1261230071.6488
1261230071.6738
1261230071.6978
1261230071.7228
1261230071.7478
1261230071.7728
1261230071.7978
1261230071.8228
1261230071.8478
1261230071.8728
1261230071.8978
1261230071.9227
1261230071.9477
1261230071.9727
1261230071.9977
1261230072.0217
1261230072.0467
1261230072.0717
1261230072.0967
1261230072.1217
1261230072.1467
1261230072.1717
1261230072.1967
1261230072.2217
1261230072.2467
1261230072.2717
1261230072.2967
1261230072.3217
1261230072.3457
1261230072.3707
1261230072.3957
1261230072.4207
1261230072.4457
1261230072.4707
1261230072.4957
1261230072.5207
1261230072.5457
1261230072.5707
1261230072.5957
1261230072.6207
1261230072.6447
1261230072.6697
1261230072.6947
1261230072.7447
1261230072.7697
1261230072.8197
1261230072.8447
1261230072.8697
1261230072.8947
1261230072.9197
1261230072.9447
1261230072.9687
1261230072.9937
1261230073.0187
1261230073.0437
1261230073.0687
1261230073.0937
1261230073.1186
1261230073.1436
1261230073.1686
1261230073.1936
1261230073.2186
1261230073.2436
1261230073.2686
1261230073.2926
1261230073.3176
1261230073.3426
1261230073.3676
1261230073.3926
1261230073.4176
1261230073.4426
1261230073.4676
1261230073.4926
1261230073.5176
1261230073.5426
1261230073.5676
1261230073.5916
1261230073.6166
1261230073.6416
1261230073.6666
1261230073.6916
1261230073.7166
1261230073.7416
1261230073.7666
1261230073.7916
1261230073.8166
1261230073.8416
1261230073.8666
1261230073.8916
1261230073.9166
1261230073.9406
1261230073.9656
1261230073.9906
1261230074.0156
1261230074.0406
1261230074.0656
1261230074.0906
1261230074.1156
1261230074.1406
1261230074.1656
1261230074.1906
1261230074.2156
1261230074.2396
1261230074.2646
1261230074.2896
1261230074.3145
1261230074.3395
1261230074.3645
1261230074.3895
1261230074.4145
1261230074.4395
1261230074.4645
1261230074.4895
1261230074.5145
1261230074.5395
1261230074.5635
1261230074.5885
1261230074.6135
1261230074.6385
1261230074.6635
1261230074.6885
1261230074.7135
1261230074.7385
1261230074.7635
1261230074.7885
1261230074.8135
1261230074.8385
1261230074.8635
1261230074.8875
1261230074.9125
1261230074.9375
1261230074.9625
1261230074.9875
1261230075.0125
1261230075.0375
1261230075.0625
1261230075.0875
1261230075.1125
1261230075.1375
1261230075.1625
1261230075.1875
1261230075.2115
1261230075.2365
1261230075.2615
1261230075.2865
1261230075.3115
1261230075.3365
1261230075.3615
1261230075.3865
1261230075.4115
1261230075.4365
1261230075.4615
1261230075.4865
1261230075.5114
1261230075.5354
1261230075.5604
1261230075.5854
1261230075.6104
1261230075.6354
1261230075.6604
1261230075.6854
1261230075.7104
1261230075.7354
1261230075.7604
1261230075.7854
1261230075.8104
1261230075.8344
1261230075.8594
1261230075.8844
1261230075.9094
1261230075.9344
1261230075.9594
1261230075.9844
1261230076.0094
1261230076.0344
1261230076.0594
1261230076.0844
1261230076.1094
1261230076.1344
1261230076.1594
1261230076.1834
1261230076.2084
1261230076.2334
1261230076.2584
1261230076.2834
1261230076.3084
1261230076.3334
1261230076.3584
1261230076.3834
1261230076.4084
1261230076.4334
1261230076.4584
1261230076.4824
1261230076.5074
1261230076.5324
1261230076.5574
1261230076.5824
1261230076.6074
1261230076.6324
1261230076.6574
1261230076.6824
1261230076.7073
1261230076.7323
1261230076.7573
1261230076.7823
1261230076.8063
1261230076.8313
1261230076.8563
1261230076.8813
1261230076.9063
1261230076.9313
1261230076.9563
1261230076.9813
1261230077.0063
1261230077.0313
1261230077.0563
1261230077.0813
1261230077.1063
1261230077.1303
1261230077.1553
1261230077.1803
1261230077.2053
1261230077.2303
1261230077.2553
1261230077.2803
1261230077.3053
1261230077.3303
1261230077.3553
1261230077.3803
1261230077.4053
1261230077.4303
1261230077.4543
1261230077.4793
1261230077.5043
1261230077.5293
1261230077.5543
1261230077.5793
1261230077.6043
1261230077.6293
1261230077.6543
1261230077.6793
1261230077.7043
1261230077.7293
1261230077.7543
1261230077.7783
1261230077.8033
1261230077.8283
1261230077.8533
1261230077.8783
1261230077.9032
1261230077.9282
1261230077.9532
1261230077.9782
1261230078.0032
1261230078.0282
1261230078.0532
1261230078.0782
1261230078.1022
1261230078.1272
1261230078.1522
1261230078.1772
1261230078.2022
1261230078.2272
1261230078.2522
1261230078.2772
1261230078.3022
1261230078.3272
1261230078.3522
1261230078.3772
1261230078.4022
1261230078.4262
1261230078.4512
1261230078.4762
1261230078.5012
1261230078.5262
1261230078.5512
1261230078.5762
1261230078.6012
1261230078.6262
1261230078.6512
1261230078.6762
1261230078.7012
1261230078.7252
1261230078.7502
1261230078.7752
1261230078.8002
1261230078.8252
1261230078.8502
1261230078.8752
1261230078.9002
1261230078.9252
1261230078.9502
1261230078.9752
1261230079.0002
1261230079.0252
1261230079.0502
1261230079.0742
1261230079.0991
1261230079.1241
1261230079.1491
1261230079.1741
1261230079.1991
1261230079.2241
1261230079.2491
1261230079.2741
1261230079.2991
1261230079.3241
1261230079.3491
1261230079.3731
1261230079.3981
1261230079.4231
1261230079.4481
1261230079.4731
1261230079.4981
1261230079.5231
1261230079.5481
1261230079.5731
1261230079.5981
1261230079.6231
1261230079.6481
1261230079.6731
1261230079.6971
1261230079.7221
1261230079.7471
1261230079.7721
1261230079.7971
1261230079.8221
1261230079.8471
1261230079.8721
1261230079.8971
1261230079.9221
1261230079.9471
1261230079.9721
1261230079.9971
1261230080.0221
1261230080.0461
1261230080.0711
1261230080.0961
1261230080.1211
1261230080.1461
1261230080.1711
1261230080.1961
1261230080.2211
1261230080.2461
1261230080.2711
1261230080.2961
1261230080.3210
1261230080.3450
1261230080.3700
1261230080.3950
1261230080.4200
1261230080.4450
1261230080.4700
1261230080.4950
1261230080.5200
1261230080.5450
1261230080.5700
1261230080.5950
1261230080.6200
1261230080.6450
1261230080.6690
1261230080.6940
1261230080.7190
1261230080.7440
1261230080.7690
1261230080.7940
1261230080.8190
1261230080.8440
1261230080.8690
1261230080.8940
1261230080.9190
1261230080.9440
1261230080.9690
1261230080.9930
1261230081.0180
1261230081.0430
1261230081.0680
1261230081.0930
1261230081.1180
1261230081.1430
1261230081.1680
1261230081.1930
1261230081.2180
1261230081.2430
1261230081.2680
1261230081.2930
1261230081.3170
1261230081.3420
1261230081.3670
1261230081.3920
1261230081.4170
1261230081.4420
1261230081.4670
1261230081.4920
1261230081.5169
1261230081.5419
1261230081.5669
1261230081.5919
1261230081.6169
1261230081.6409
1261230081.6659
1261230081.6909
1261230081.7159
1261230081.7409
1261230081.7659
1261230081.7909
1261230081.8159
1261230081.8409
1261230081.8909
1261230081.9159
1261230081.9409
1261230081.9649
1261230081.9899
1261230082.0149
1261230082.0399
1261230082.0649
1261230082.0899
1261230082.1149
1261230082.1399
1261230082.1649
1261230082.1899
1261230082.2149
1261230082.2399
1261230082.2649
1261230082.2889
1261230082.3139
1261230082.3389
1261230082.3639
1261230082.3889
1261230082.4139
1261230082.4389
1261230082.4639
1261230082.4889
1261230082.5139
1261230082.5389
1261230082.5639
1261230082.5879
1261230082.6129
1261230082.6379
1261230082.6629
1261230082.6879
1261230082.7128
1261230082.7378
1261230082.7628
1261230082.7878
1261230082.8128
1261230082.8378
1261230082.8628
1261230082.8878
1261230082.9128
1261230082.9368
1261230082.9618
1261230082.9868
1261230083.0118
1261230083.0368
1261230083.0618
1261230083.0868
1261230083.1118
1261230083.1368
1261230083.1618
1261230083.1868
1261230083.2118
1261230083.2358
1261230083.2608
1261230083.2858
1261230083.3108
1261230083.3358
1261230083.3608
1261230083.3858
1261230083.4108
1261230083.4358
1261230083.4608
1261230083.4858
1261230083.5108
1261230083.5358
1261230083.5608
1261230083.5848
1261230083.6098
1261230083.6348
1261230083.6598
1261230083.6848
1261230083.7098
1261230083.7348
1261230083.7598
1261230083.7848
1261230083.8098
1261230083.8348
1261230083.8598
1261230083.8848
1261230083.9087
1261230083.9337
1261230083.9587
1261230083.9837
1261230084.0087
1261230084.0337
1261230084.0587
1261230084.0837
1261230084.1087
1261230084.1337
1261230084.1587
1261230084.1837
1261230084.2077
1261230084.2327
1261230084.2577
1261230084.2827
1261230084.3077
1261230084.3327
1261230084.3577
1261230084.3827
1261230084.4077
1261230084.4327
1261230084.4577
1261230084.4827
1261230084.5077
1261230084.5317
1261230084.5567
1261230084.5817
1261230084.6067
1261230084.6317
1261230084.6567
1261230084.6817
1261230084.7067
1261230084.7317
1261230084.7567
1261230084.7817
1261230084.8067
1261230084.8317
1261230084.8567
1261230084.8807
1261230084.9057
1261230084.9307
1261230084.9557
1261230084.9807
1261230085.0057
1261230085.0307
1261230085.0557
1261230085.0807
1261230085.1056
1261230085.1306
1261230085.1556
1261230085.1806
1261230085.2046
1261230085.2296
1261230085.2546
1261230085.2796
1261230085.3046
1261230085.3296
1261230085.3546
1261230085.3796
1261230085.4046
1261230085.4296
1261230085.4546
1261230085.4796
1261230085.5046
1261230085.5286
1261230085.5536
1261230085.5786
1261230085.6036
1261230085.6286
1261230085.6536
1261230085.6786
1261230085.7036
1261230085.7286
1261230085.7536
1261230085.7786
1261230085.8036
1261230085.8286
1261230085.8526
1261230085.8776
1261230085.9026
1261230085.9276
1261230085.9526
1261230085.9776
1261230086.0026
1261230086.0276
1261230086.0526
1261230086.0776
1261230086.1026
1261230086.1276
1261230086.1526
1261230086.1766
1261230086.2016
1261230086.2266
1261230086.2516
1261230086.2766
1261230086.3015
1261230086.3265
1261230086.3515
1261230086.3765
1261230086.4015
1261230086.4265
1261230086.4515
1261230086.4765
1261230086.5005
1261230086.5255
1261230086.5505
1261230086.5755
1261230086.6005
1261230086.6255
1261230086.6505
1261230086.6755
1261230086.7005
1261230086.7255
1261230086.7505
1261230086.7755
1261230086.8005
1261230086.8245
1261230086.8495
1261230086.8745
1261230086.8995
1261230086.9245
1261230086.9495
1261230086.9745
1261230086.9995
1261230087.0245
1261230087.0495
1261230087.0745
1261230087.0995
1261230087.1245
1261230087.1485
1261230087.1735
1261230087.1985
1261230087.2235
1261230087.2485
1261230087.2735
1261230087.2985
1261230087.3235
1261230087.3485
1261230087.3735
1261230087.3985
1261230087.4235
1261230087.4485
1261230087.4725
1261230087.4975
1261230087.5224
1261230087.5474
1261230087.5724
1261230087.5974
1261230087.6224
