1.000000 0.000000 0.000000 0.000000 0.000000 1.000000 0.000000 0.000000 0.000000 0.000000 1.000000 0.000000 
1.000000 0.000000 0.000000 0.150000 0.000000 1.000000 0.000000 0.000000 0.000000 0.000000 1.000000 0.000000 
1.000000 0.000000 0.000000 0.300000 0.000000 1.000000 0.000000 0.000000 0.000000 0.000000 1.000000 0.000000 
1.000000 0.000000 0.000000 0.450000 0.000000 1.000000 0.000000 0.000000 0.000000 0.000000 1.000000 0.000000 
1.000000 0.000000 0.000000 0.600000 0.000000 1.000000 0.000000 0.000000 0.000000 0.000000 1.000000 0.000000 
1.000000 0.000000 0.000000 0.750000 0.000000 1.000000 0.000000 0.000000 0.000000 0.000000 1.000000 0.000000 
1.000000 0.000000 0.000000 0.900000 0.000000 1.000000 0.000000 0.000000 0.000000 0.000000 1.000000 0.000000 
1.000000 0.000000 0.000000 1.050000 0.000000 1.000000 0.000000 0.000000 0.000000 0.000000 1.000000 0.000000 
1.000000 0.000000 0.000000 1.200000 0.000000 1.000000 0.000000 0.000000 0.000000 0.000000 1.000000 0.000000 
1.000000 0.000000 0.000000 1.350000 0.000000 1.000000 0.000000 0.000000 0.000000 0.000000 1.000000 0.000000 
1.000000 0.000000 0.000000 1.500000 0.000000 1.000000 0.000000 0.000000 0.000000 0.000000 1.000000 0.000000 
1.000000 0.000000 0.000000 1.650000 0.000000 1.000000 0.000000 0.000000 0.000000 0.000000 1.000000 0.000000 
1.000000 0.000000 0.000000 1.800000 0.000000 1.000000 0.000000 0.000000 0.000000 0.000000 1.000000 0.000000 
1.000000 0.000000 0.000000 1.950000 0.000000 1.000000 0.000000 0.000000 0.000000 0.000000 1.000000 0.000000 
1.000000 0.000000 0.000000 2.100000 0.000000 1.000000 0.000000 0.000000 0.000000 0.000000 1.000000 0.000000 
1.000000 0.000000 0.000000 2.250000 0.000000 1.000000 0.000000 0.000000 0.000000 0.000000 1.000000 0.000000 
1.000000 0.000000 0.000000 2.400000 0.000000 1.000000 0.000000 0.000000 0.000000 0.000000 1.000000 0.000000 
1.000000 0.000000 0.000000 2.550000 0.000000 1.000000 0.000000 0.000000 0.000000 0.000000 1.000000 0.000000 
1.000000 0.000000 0.000000 2.700000 0.000000 1.000000 0.000000 0.000000 0.000000 0.000000 1.000000 0.000000 
1.000000 0.000000 0.000000 2.850000 0.000000 1.000000 0.000000 0.000000 0.000000 0.000000 1.000000 0.000000 
1.000000 0.000000 0.000000 3.000000 0.000000 1.000000 0.000000 0.000000 0.000000 0.000000 1.000000 0.000000 
1.000000 0.000000 0.000000 3.150000 0.000000 1.000000 0.000000 0.000000 0.000000 0.000000 1.000000 0.000000 
1.000000 0.000000 0.000000 3.300000 0.000000 1.000000 0.000000 0.000000 0.000000 0.000000 1.000000 0.000000 
1.000000 0.000000 0.000000 3.450000 0.000000 1.000000 0.000000 0.000000 0.000000 0.000000 1.000000 0.000000 
1.000000 0.000000 0.000000 3.600000 0.000000 1.000000 0.000000 0.000000 0.000000 0.000000 1.000000 0.000000 
1.000000 0.000000 0.000000 3.750000 0.000000 1.000000 0.000000 0.000000 0.000000 0.000000 1.000000 0.000000 
1.000000 0.000000 0.000000 3.900000 0.000000 1.000000 0.000000 0.000000 0.000000 0.000000 1.000000 0.000000 
1.000000 0.000000 0.000000 4.050000 0.000000 1.000000 0.000000 0.000000 0.000000 0.000000 1.000000 0.000000 
1.000000 0.000000 0.000000 4.200000 0.000000 1.000000 0.000000 0.000000 0.000000 0.000000 1.000000 0.000000 
1.000000 0.000000 0.000000 4.350000 0.000000 1.000000 0.000000 0.000000 0.000000 0.000000 1.000000 0.000000 
1.000000 0.000000 0.000000 4.500000 0.000000 1.000000 0.000000 0.000000 0.000000 0.000000 1.000000 0.000000 
1.000000 0.000000 0.000000 4.650000 0.000000 1.000000 0.000000 0.000000 0.000000 0.000000 1.000000 0.000000 
1.000000 0.000000 0.000000 4.800000 0.000000 1.000000 0.000000 0.000000 0.000000 0.000000 1.000000 0.000000 
1.000000 0.000000 0.000000 4.950000 0.000000 1.000000 0.000000 0.000000 0.000000 0.000000 1.000000 0.000000 
1.000000 0.000000 0.000000 5.100000 0.000000 1.000000 0.000000 0.000000 0.000000 0.000000 1.000000 0.000000 
1.000000 0.000000 0.000000 5.250000 0.000000 1.000000 0.000000 0.000000 0.000000 0.000000 1.000000 0.000000 
1.000000 0.000000 0.000000 5.400000 0.000000 1.000000 0.000000 0.000000 0.000000 0.000000 1.000000 0.000000 
1.000000 0.000000 0.000000 5.550000 0.000000 1.000000 0.000000 0.000000 0.000000 0.000000 1.000000 0.000000 
1.000000 0.000000 0.000000 5.700000 0.000000 1.000000 0.000000 0.000000 0.000000 0.000000 1.000000 0.000000 
1.000000 0.000000 0.000000 5.850000 0.000000 1.000000 0.000000 0.000000 0.000000 0.000000 1.000000 0.000000 
1.000000 0.000000 0.000000 6.000000 0.000000 1.000000 0.000000 0.000000 0.000000 0.000000 1.000000 0.000000 
1.000000 0.000000 0.000000 6.150000 0.000000 1.000000 0.000000 0.000000 0.000000 0.000000 1.000000 0.000000 
1.000000 0.000000 0.000000 6.300000 0.000000 1.000000 0.000000 0.000000 0.000000 0.000000 1.000000 0.000000 
1.000000 0.000000 0.000000 6.450000 0.000000 1.000000 0.000000 0.000000 0.000000 0.000000 1.000000 0.000000 
1.000000 0.000000 0.000000 6.600000 0.000000 1.000000 0.000000 0.000000 0.000000 0.000000 1.000000 0.000000 
1.000000 0.000000 0.000000 6.750000 0.000000 1.000000 0.000000 0.000000 0.000000 0.000000 1.000000 0.000000 
1.000000 0.000000 0.000000 6.900000 0.000000 1.000000 0.000000 0.000000 0.000000 0.000000 1.000000 0.000000 
1.000000 0.000000 0.000000 7.050000 0.000000 1.000000 0.000000 0.000000 0.000000 0.000000 1.000000 0.000000 
1.000000 0.000000 0.000000 7.200000 0.000000 1.000000 0.000000 0.000000 0.000000 0.000000 1.000000 0.000000 
1.000000 0.000000 0.000000 7.350000 0.000000 1.000000 0.000000 0.000000 0.000000 0.000000 1.000000 0.000000 
1.000000 0.000000 0.000000 7.500000 0.000000 1.000000 0.000000 0.000000 0.000000 0.000000 1.000000 0.000000 
1.000000 0.000000 0.000000 7.650000 0.000000 1.000000 0.000000 0.000000 0.000000 0.000000 1.000000 0.000000 
1.000000 0.000000 0.000000 7.800000 0.000000 1.000000 0.000000 0.000000 0.000000 0.000000 1.000000 0.000000 
1.000000 0.000000 0.000000 7.950000 0.000000 1.000000 0.000000 0.000000 0.000000 0.000000 1.000000 0.000000 
1.000000 0.000000 0.000000 8.100000 0.000000 1.000000 0.000000 0.000000 0.000000 0.000000 1.000000 0.000000 
1.000000 0.000000 0.000000 8.250000 0.000000 1.000000 0.000000 0.000000 0.000000 0.000000 1.000000 0.000000 
1.000000 0.000000 0.000000 8.400000 0.000000 1.000000 0.000000 0.000000 0.000000 0.000000 1.000000 0.000000 
1.000000 0.000000 0.000000 8.550000 0.000000 1.000000 0.000000 0.000000 0.000000 0.000000 1.000000 0.000000 
1.000000 0.000000 0.000000 8.700000 0.000000 1.000000 0.000000 0.000000 0.000000 0.000000 1.000000 0.000000 
1.000000 0.000000 0.000000 8.850000 0.000000 1.000000 0.000000 0.000000 0.000000 0.000000 1.000000 0.000000 
1.000000 0.000000 0.000000 9.000000 0.000000 1.000000 0.000000 0.000000 0.000000 0.000000 1.000000 0.000000 
1.000000 0.000000 0.000000 9.150000 0.000000 1.000000 0.000000 0.000000 0.000000 0.000000 1.000000 0.000000 
1.000000 0.000000 0.000000 9.300000 0.000000 1.000000 0.000000 0.000000 0.000000 0.000000 1.000000 0.000000 
1.000000 0.000000 0.000000 9.450000 0.000000 1.000000 0.000000 0.000000 0.000000 0.000000 1.000000 0.000000 
1.000000 0.000000 0.000000 9.600000 0.000000 1.000000 0.000000 0.000000 0.000000 0.000000 1.000000 0.000000 
1.000000 0.000000 0.000000 9.750000 0.000000 1.000000 0.000000 0.000000 0.000000 0.000000 1.000000 0.000000 
1.000000 0.000000 0.000000 9.900000 0.000000 1.000000 0.000000 0.000000 0.000000 0.000000 1.000000 0.000000 
1.000000 0.000000 0.000000 10.050000 0.000000 1.000000 0.000000 0.000000 0.000000 0.000000 1.000000 0.000000 
1.000000 0.000000 0.000000 10.200000 0.000000 1.000000 0.000000 0.000000 0.000000 0.000000 1.000000 0.000000 
1.000000 0.000000 0.000000 10.350000 0.000000 1.000000 0.000000 0.000000 0.000000 0.000000 1.000000 0.000000 
1.000000 0.000000 0.000000 10.500000 0.000000 1.000000 0.000000 0.000000 0.000000 0.000000 1.000000 0.000000 
1.000000 0.000000 0.000000 10.650000 0.000000 1.000000 0.000000 0.000000 0.000000 0.000000 1.000000 0.000000 
1.000000 0.000000 0.000000 10.800000 0.000000 1.000000 0.000000 0.000000 0.000000 0.000000 1.000000 0.000000 
1.000000 0.000000 0.000000 10.950000 0.000000 1.000000 0.000000 0.000000 0.000000 0.000000 1.000000 0.000000 
1.000000 0.000000 0.000000 11.100000 0.000000 1.000000 0.000000 0.000000 0.000000 0.000000 1.000000 0.000000 
1.000000 0.000000 0.000000 11.250000 0.000000 1.000000 0.000000 0.000000 0.000000 0.000000 1.000000 0.000000 
1.000000 0.000000 0.000000 11.400000 0.000000 1.000000 0.000000 0.000000 0.000000 0.000000 1.000000 0.000000 
1.000000 0.000000 0.000000 11.550000 0.000000 1.000000 0.000000 0.000000 0.000000 0.000000 1.000000 0.000000 
1.000000 0.000000 0.000000 11.700000 0.000000 1.000000 0.000000 0.000000 0.000000 0.000000 1.000000 0.000000 
1.000000 0.000000 0.000000 11.850000 0.000000 1.000000 0.000000 0.000000 0.000000 0.000000 1.000000 0.000000 
1.000000 0.000000 0.000000 12.000000 0.000000 1.000000 0.000000 0.000000 0.000000 0.000000 1.000000 0.000000 
1.000000 0.000000 0.000000 12.150000 0.000000 1.000000 0.000000 0.000000 0.000000 0.000000 1.000000 0.000000 
1.000000 0.000000 0.000000 12.300000 0.000000 1.000000 0.000000 0.000000 0.000000 0.000000 1.000000 0.000000 
1.000000 0.000000 0.000000 12.450000 0.000000 1.000000 0.000000 0.000000 0.000000 0.000000 1.000000 0.000000 
1.000000 0.000000 0.000000 12.600000 0.000000 1.000000 0.000000 0.000000 0.000000 0.000000 1.000000 0.000000 
1.000000 0.000000 0.000000 12.750000 0.000000 1.000000 0.000000 0.000000 0.000000 0.000000 1.000000 0.000000 
1.000000 0.000000 0.000000 12.900000 0.000000 1.000000 0.000000 0.000000 0.000000 0.000000 1.000000 0.000000 
1.000000 0.000000 0.000000 13.050000 0.000000 1.000000 0.000000 0.000000 0.000000 0.000000 1.000000 0.000000 
1.000000 0.000000 0.000000 13.200000 0.000000 1.000000 0.000000 0.000000 0.000000 0.000000 1.000000 0.000000 
1.000000 0.000000 0.000000 13.350000 0.000000 1.000000 0.000000 0.000000 0.000000 0.000000 1.000000 0.000000 
1.000000 0.000000 0.000000 13.500000 0.000000 1.000000 0.000000 0.000000 0.000000 0.000000 1.000000 0.000000 
1.000000 0.000000 0.000000 13.650000 0.000000 1.000000 0.000000 0.000000 0.000000 0.000000 1.000000 0.000000 
1.000000 0.000000 0.000000 13.800000 0.000000 1.000000 0.000000 0.000000 0.000000 0.000000 1.000000 0.000000 
1.000000 0.000000 0.000000 13.950000 0.000000 1.000000 0.000000 0.000000 0.000000 0.000000 1.000000 0.000000 
1.000000 0.000000 0.000000 14.100000 0.000000 1.000000 0.000000 0.000000 0.000000 0.000000 1.000000 0.000000 
1.000000 0.000000 0.000000 14.250000 0.000000 1.000000 0.000000 0.000000 0.000000 0.000000 1.000000 0.000000 
1.000000 0.000000 0.000000 14.400000 0.000000 1.000000 0.000000 0.000000 0.000000 0.000000 1.000000 0.000000 
1.000000 0.000000 0.000000 14.550000 0.000000 1.000000 0.000000 0.000000 0.000000 0.000000 1.000000 0.000000 
1.000000 0.000000 0.000000 14.699999 0.000000 1.000000 0.000000 0.000000 0.000000 0.000000 1.000000 0.000000 
1.000000 0.000000 0.000000 14.849999 0.000000 1.000000 0.000000 0.000000 0.000000 0.000000 1.000000 0.000000 
1.000000 0.000000 0.000000 14.999999 0.000000 1.000000 0.000000 0.000000 0.000000 0.000000 1.000000 0.000000 
1.000000 0.000000 0.000000 15.149999 0.000000 1.000000 0.000000 0.000000 0.000000 0.000000 1.000000 0.000000 
1.000000 0.000000 0.000000 15.299999 0.000000 1.000000 0.000000 0.000000 0.000000 0.000000 1.000000 0.000000 
1.000000 0.000000 0.000000 15.449999 0.000000 1.000000 0.000000 0.000000 0.000000 0.000000 1.000000 0.000000 
1.000000 0.000000 0.000000 15.599999 0.000000 1.000000 0.000000 0.000000 0.000000 0.000000 1.000000 0.000000 
1.000000 0.000000 0.000000 15.749999 0.000000 1.000000 0.000000 0.000000 0.000000 0.000000 1.000000 0.000000 
1.000000 0.000000 0.000000 15.899999 0.000000 1.000000 0.000000 0.000000 0.000000 0.000000 1.000000 0.000000 
1.000000 0.000000 0.000000 16.049999 0.000000 1.000000 0.000000 0.000000 0.000000 0.000000 1.000000 0.000000 
1.000000 0.000000 0.000000 16.199999 0.000000 1.000000 0.000000 0.000000 0.000000 0.000000 1.000000 0.000000 
1.000000 0.000000 0.000000 16.349999 0.000000 1.000000 0.000000 0.000000 0.000000 0.000000 1.000000 0.000000 
1.000000 0.000000 0.000000 16.499999 0.000000 1.000000 0.000000 0.000000 0.000000 0.000000 1.000000 0.000000 
1.000000 0.000000 0.000000 16.649999 0.000000 1.000000 0.000000 0.000000 0.000000 0.000000 1.000000 0.000000 
1.000000 0.000000 0.000000 16.799999 0.000000 1.000000 0.000000 0.000000 0.000000 0.000000 1.000000 0.000000 
1.000000 0.000000 0.000000 16.949999 0.000000 1.000000 0.000000 0.000000 0.000000 0.000000 1.000000 0.000000 
1.000000 0.000000 0.000000 17.099999 0.000000 1.000000 0.000000 0.000000 0.000000 0.000000 1.000000 0.000000 
1.000000 0.000000 0.000000 17.249999 0.000000 1.000000 0.000000 0.000000 0.000000 0.000000 1.000000 0.000000 
1.000000 0.000000 0.000000 17.399999 0.000000 1.000000 0.000000 0.000000 0.000000 0.000000 1.000000 0.000000 
1.000000 0.000000 0.000000 17.549999 0.000000 1.000000 0.000000 0.000000 0.000000 0.000000 1.000000 0.000000 
1.000000 0.000000 0.000000 17.699999 0.000000 1.000000 0.000000 0.000000 0.000000 0.000000 1.000000 0.000000 
1.000000 0.000000 0.000000 17.849999 0.000000 1.000000 0.000000 0.000000 0.000000 0.000000 1.000000 0.000000 
1.000000 0.000000 0.000000 17.999999 0.000000 1.000000 0.000000 0.000000 0.000000 0.000000 1.000000 0.000000 
1.000000 0.000000 0.000000 18.149999 0.000000 1.000000 0.000000 0.000000 0.000000 0.000000 1.000000 0.000000 
1.000000 0.000000 0.000000 18.299999 0.000000 1.000000 0.000000 0.000000 0.000000 0.000000 1.000000 0.000000 
1.000000 0.000000 0.000000 18.449999 0.000000 1.000000 0.000000 0.000000 0.000000 0.000000 1.000000 0.000000 
1.000000 0.000000 0.000000 18.599999 0.000000 1.000000 0.000000 0.000000 0.000000 0.000000 1.000000 0.000000 
1.000000 0.000000 0.000000 18.749999 0.000000 1.000000 0.000000 0.000000 0.000000 0.000000 1.000000 0.000000 
1.000000 0.000000 0.000000 18.899999 0.000000 1.000000 0.000000 0.000000 0.000000 0.000000 1.000000 0.000000 
1.000000 0.000000 0.000000 19.049999 0.000000 1.000000 0.000000 0.000000 0.000000 0.000000 1.000000 0.000000 
1.000000 0.000000 0.000000 19.199999 0.000000 1.000000 0.000000 0.000000 0.000000 0.000000 1.000000 0.000000 
1.000000 0.000000 0.000000 19.349999 0.000000 1.000000 0.000000 0.000000 0.000000 0.000000 1.000000 0.000000 
1.000000 0.000000 0.000000 19.499999 0.000000 1.000000 0.000000 0.000000 0.000000 0.000000 1.000000 0.000000 
1.000000 0.000000 0.000000 19.649999 0.000000 1.000000 0.000000 0.000000 0.000000 0.000000 1.000000 0.000000 
1.000000 0.000000 0.000000 19.799999 0.000000 1.000000 0.000000 0.000000 0.000000 0.000000 1.000000 0.000000 
1.000000 0.000000 0.000000 19.949999 0.000000 1.000000 0.000000 0.000000 0.000000 0.000000 1.000000 0.000000 
1.000000 0.000000 0.000000 20.099999 0.000000 1.000000 0.000000 0.000000 0.000000 0.000000 1.000000 0.000000 
1.000000 0.000000 0.000000 20.249999 0.000000 1.000000 0.000000 0.000000 0.000000 0.000000 1.000000 0.000000 
1.000000 0.000000 0.000000 20.399999 0.000000 1.000000 0.000000 0.000000 0.000000 0.000000 1.000000 0.000000 
1.000000 0.000000 0.000000 20.549999 0.000000 1.000000 0.000000 0.000000 0.000000 0.000000 1.000000 0.000000 
1.000000 0.000000 0.000000 20.699999 0.000000 1.000000 0.000000 0.000000 0.000000 0.000000 1.000000 0.000000 
1.000000 0.000000 0.000000 20.849999 0.000000 1.000000 0.000000 0.000000 0.000000 0.000000 1.000000 0.000000 
1.000000 0.000000 0.000000 20.999999 0.000000 1.000000 0.000000 0.000000 0.000000 0.000000 1.000000 0.000000 
1.000000 0.000000 0.000000 21.149999 0.000000 1.000000 0.000000 0.000000 0.000000 0.000000 1.000000 0.000000 
1.000000 0.000000 0.000000 21.299999 0.000000 1.000000 0.000000 0.000000 0.000000 0.000000 1.000000 0.000000 
1.000000 0.000000 0.000000 21.449999 0.000000 1.000000 0.000000 0.000000 0.000000 0.000000 1.000000 0.000000 
1.000000 0.000000 0.000000 21.599999 0.000000 1.000000 0.000000 0.000000 0.000000 0.000000 1.000000 0.000000 
1.000000 0.000000 0.000000 21.749999 0.000000 1.000000 0.000000 0.000000 0.000000 0.000000 1.000000 0.000000 
1.000000 0.000000 0.000000 21.899999 0.000000 1.000000 0.000000 0.000000 0.000000 0.000000 1.000000 0.000000 
1.000000 0.000000 0.000000 22.049999 0.000000 1.000000 0.000000 0.000000 0.000000 0.000000 1.000000 0.000000 
1.000000 0.000000 0.000000 22.199999 0.000000 1.000000 0.000000 0.000000 0.000000 0.000000 1.000000 0.000000 
1.000000 0.000000 0.000000 22.349999 0.000000 1.000000 0.000000 0.000000 0.000000 0.000000 1.000000 0.000000 
1.000000 0.000000 0.000000 22.499999 0.000000 1.000000 0.000000 0.000000 0.000000 0.000000 1.000000 0.000000 
1.000000 0.000000 0.000000 22.649999 0.000000 1.000000 0.000000 0.000000 0.000000 0.000000 1.000000 0.000000 
1.000000 0.000000 0.000000 22.799999 0.000000 1.000000 0.000000 0.000000 0.000000 0.000000 1.000000 0.000000 
1.000000 0.000000 0.000000 22.949999 0.000000 1.000000 0.000000 0.000000 0.000000 0.000000 1.000000 0.000000 
1.000000 0.000000 0.000000 23.099999 0.000000 1.000000 0.000000 0.000000 0.000000 0.000000 1.000000 0.000000 
1.000000 0.000000 0.000000 23.249999 0.000000 1.000000 0.000000 0.000000 0.000000 0.000000 1.000000 0.000000 
1.000000 0.000000 0.000000 23.399999 0.000000 1.000000 0.000000 0.000000 0.000000 0.000000 1.000000 0.000000 
1.000000 0.000000 0.000000 23.549999 0.000000 1.000000 0.000000 0.000000 0.000000 0.000000 1.000000 0.000000 
1.000000 0.000000 0.000000 23.699999 0.000000 1.000000 0.000000 0.000000 0.000000 0.000000 1.000000 0.000000 
1.000000 0.000000 0.000000 23.849999 0.000000 1.000000 0.000000 0.000000 0.000000 0.000000 1.000000 0.000000 
1.000000 0.000000 0.000000 23.999999 0.000000 1.000000 0.000000 0.000000 0.000000 0.000000 1.000000 0.000000 
1.000000 0.000000 0.000000 24.149999 0.000000 1.000000 0.000000 0.000000 0.000000 0.000000 1.000000 0.000000 
1.000000 0.000000 0.000000 24.299999 0.000000 1.000000 0.000000 0.000000 0.000000 0.000000 1.000000 0.000000 
1.000000 0.000000 0.000000 24.449999 0.000000 1.000000 0.000000 0.000000 0.000000 0.000000 1.000000 0.000000 
1.000000 0.000000 0.000000 24.599999 0.000000 1.000000 0.000000 0.000000 0.000000 0.000000 1.000000 0.000000 
1.000000 0.000000 0.000000 24.749999 0.000000 1.000000 0.000000 0.000000 0.000000 0.000000 1.000000 0.000000 
1.000000 0.000000 0.000000 24.899999 0.000000 1.000000 0.000000 0.000000 0.000000 0.000000 1.000000 0.000000 
1.000000 0.000000 0.000000 25.049999 0.000000 1.000000 0.000000 0.000000 0.000000 0.000000 1.000000 0.000000 
1.000000 0.000000 0.000000 25.199999 0.000000 1.000000 0.000000 0.000000 0.000000 0.000000 1.000000 0.000000 
1.000000 0.000000 0.000000 25.349999 0.000000 1.000000 0.000000 0.000000 0.000000 0.000000 1.000000 0.000000 
1.000000 0.000000 0.000000 25.499999 0.000000 1.000000 0.000000 0.000000 0.000000 0.000000 1.000000 0.000000 
1.000000 0.000000 0.000000 25.649999 0.000000 1.000000 0.000000 0.000000 0.000000 0.000000 1.000000 0.000000 
1.000000 0.000000 0.000000 25.799999 0.000000 1.000000 0.000000 0.000000 0.000000 0.000000 1.000000 0.000000 
1.000000 0.000000 0.000000 25.949999 0.000000 1.000000 0.000000 0.000000 0.000000 0.000000 1.000000 0.000000 
1.000000 0.000000 0.000000 26.099999 0.000000 1.000000 0.000000 0.000000 0.000000 0.000000 1.000000 0.000000 
1.000000 0.000000 0.000000 26.249999 0.000000 1.000000 0.000000 0.000000 0.000000 0.000000 1.000000 0.000000 
1.000000 0.000000 0.000000 26.399999 0.000000 1.000000 0.000000 0.000000 0.000000 0.000000 1.000000 0.000000 
1.000000 0.000000 0.000000 26.549999 0.000000 1.000000 0.000000 0.000000 0.000000 0.000000 1.000000 0.000000 
1.000000 0.000000 0.000000 26.699999 0.000000 1.000000 0.000000 0.000000 0.000000 0.000000 1.000000 0.000000 
1.000000 0.000000 0.000000 26.849999 0.000000 1.000000 0.000000 0.000000 0.000000 0.000000 1.000000 0.000000 
1.000000 0.000000 0.000000 26.999999 0.000000 1.000000 0.000000 0.000000 0.000000 0.000000 1.000000 0.000000 
1.000000 0.000000 0.000000 27.149999 0.000000 1.000000 0.000000 0.000000 0.000000 0.000000 1.000000 0.000000 
1.000000 0.000000 0.000000 27.299999 0.000000 1.000000 0.000000 0.000000 0.000000 0.000000 1.000000 0.000000 
1.000000 0.000000 0.000000 27.449999 0.000000 1.000000 0.000000 0.000000 0.000000 0.000000 1.000000 0.000000 
1.000000 0.000000 0.000000 27.599999 0.000000 1.000000 0.000000 0.000000 0.000000 0.000000 1.000000 0.000000 
1.000000 0.000000 0.000000 27.749999 0.000000 1.000000 0.000000 0.000000 0.000000 0.000000 1.000000 0.000000 
1.000000 0.000000 0.000000 27.899999 0.000000 1.000000 0.000000 0.000000 0.000000 0.000000 1.000000 0.000000 
1.000000 0.000000 0.000000 28.049999 0.000000 1.000000 0.000000 0.000000 0.000000 0.000000 1.000000 0.000000 
1.000000 0.000000 0.000000 28.199999 0.000000 1.000000 0.000000 0.000000 0.000000 0.000000 1.000000 0.000000 
1.000000 0.000000 0.000000 28.349999 0.000000 1.000000 0.000000 0.000000 0.000000 0.000000 1.000000 0.000000 
1.000000 0.000000 0.000000 28.499999 0.000000 1.000000 0.000000 0.000000 0.000000 0.000000 1.000000 0.000000 
1.000000 0.000000 0.000000 28.649999 0.000000 1.000000 0.000000 0.000000 0.000000 0.000000 1.000000 0.000000 
1.000000 0.000000 0.000000 28.799999 0.000000 1.000000 0.000000 0.000000 0.000000 0.000000 1.000000 0.000000 
1.000000 0.000000 0.000000 28.949999 0.000000 1.000000 0.000000 0.000000 0.000000 0.000000 1.000000 0.000000 
1.000000 0.000000 0.000000 29.099999 0.000000 1.000000 0.000000 0.000000 0.000000 0.000000 1.000000 0.000000 
1.000000 0.000000 0.000000 29.249999 0.000000 1.000000 0.000000 0.000000 0.000000 0.000000 1.000000 0.000000 
1.000000 0.000000 0.000000 29.399999 0.000000 1.000000 0.000000 0.000000 0.000000 0.000000 1.000000 0.000000 
1.000000 0.000000 0.000000 29.549999 0.000000 1.000000 0.000000 0.000000 0.000000 0.000000 1.000000 0.000000 
1.000000 0.000000 0.000000 29.699999 0.000000 1.000000 0.000000 0.000000 0.000000 0.000000 1.000000 0.000000 
1.000000 0.000000 0.000000 29.849999 0.000000 1.000000 0.000000 0.000000 0.000000 0.000000 1.000000 0.000000 
1.000000 0.000000 0.000000 29.999999 0.000000 1.000000 0.000000 0.000000 0.000000 0.000000 1.000000 0.000000 
1.000000 0.000000 0.000000 30.149999 0.000000 1.000000 0.000000 0.000000 0.000000 0.000000 1.000000 0.000000 
1.000000 0.000000 0.000000 30.299999 0.000000 1.000000 0.000000 0.000000 0.000000 0.000000 1.000000 0.000000 
1.000000 0.000000 0.000000 30.449999 0.000000 1.000000 0.000000 0.000000 0.000000 0.000000 1.000000 0.000000 
1.000000 0.000000 0.000000 30.599999 0.000000 1.000000 0.000000 0.000000 0.000000 0.000000 1.000000 0.000000 
1.000000 0.000000 0.000000 30.749999 0.000000 1.000000 0.000000 0.000000 0.000000 0.000000 1.000000 0.000000 
1.000000 0.000000 0.000000 30.899999 0.000000 1.000000 0.000000 0.000000 0.000000 0.000000 1.000000 0.000000 
1.000000 0.000000 0.000000 31.049999 0.000000 1.000000 0.000000 0.000000 0.000000 0.000000 1.000000 0.000000 
1.000000 0.000000 0.000000 31.199999 0.000000 1.000000 0.000000 0.000000 0.000000 0.000000 1.000000 0.000000 
1.000000 0.000000 0.000000 31.349999 0.000000 1.000000 0.000000 0.000000 0.000000 0.000000 1.000000 0.000000 
1.000000 0.000000 0.000000 31.499999 0.000000 1.000000 0.000000 0.000000 0.000000 0.000000 1.000000 0.000000 
1.000000 0.000000 0.000000 31.649999 0.000000 1.000000 0.000000 0.000000 0.000000 0.000000 1.000000 0.000000 
1.000000 0.000000 0.000000 31.799999 0.000000 1.000000 0.000000 0.000000 0.000000 0.000000 1.000000 0.000000 
1.000000 0.000000 0.000000 31.949999 0.000000 1.000000 0.000000 0.000000 0.000000 0.000000 1.000000 0.000000 
1.000000 0.000000 0.000000 32.099999 0.000000 1.000000 0.000000 0.000000 0.000000 0.000000 1.000000 0.000000 
1.000000 0.000000 0.000000 32.249999 0.000000 1.000000 0.000000 0.000000 0.000000 0.000000 1.000000 0.000000 
1.000000 0.000000 0.000000 32.399999 0.000000 1.000000 0.000000 0.000000 0.000000 0.000000 1.000000 0.000000 
1.000000 0.000000 0.000000 32.549999 0.000000 1.000000 0.000000 0.000000 0.000000 0.000000 1.000000 0.000000 
1.000000 0.000000 0.000000 32.699999 0.000000 1.000000 0.000000 0.000000 0.000000 0.000000 1.000000 0.000000 
1.000000 0.000000 0.000000 32.849999 0.000000 1.000000 0.000000 0.000000 0.000000 0.000000 1.000000 0.000000 
1.000000 0.000000 0.000000 32.999999 0.000000 1.000000 0.000000 0.000000 0.000000 0.000000 1.000000 0.000000 
1.000000 0.000000 0.000000 33.149999 0.000000 1.000000 0.000000 0.000000 0.000000 0.000000 1.000000 0.000000 
1.000000 0.000000 0.000000 33.299999 0.000000 1.000000 0.000000 0.000000 0.000000 0.000000 1.000000 0.000000 
1.000000 0.000000 0.000000 33.449999 0.000000 1.000000 0.000000 0.000000 0.000000 0.000000 1.000000 0.000000 
1.000000 0.000000 0.000000 33.599999 0.000000 1.000000 0.000000 0.000000 0.000000 0.000000 1.000000 0.000000 
1.000000 0.000000 0.000000 33.749999 0.000000 1.000000 0.000000 0.000000 0.000000 0.000000 1.000000 0.000000 
1.000000 0.000000 0.000000 33.899999 0.000000 1.000000 0.000000 0.000000 0.000000 0.000000 1.000000 0.000000 
1.000000 0.000000 0.000000 34.049999 0.000000 1.000000 0.000000 0.000000 0.000000 0.000000 1.000000 0.000000 
1.000000 0.000000 0.000000 34.199999 0.000000 1.000000 0.000000 0.000000 0.000000 0.000000 1.000000 0.000000 
1.000000 0.000000 0.000000 34.349999 0.000000 1.000000 0.000000 0.000000 0.000000 0.000000 1.000000 0.000000 
1.000000 0.000000 0.000000 34.499999 0.000000 1.000000 0.000000 0.000000 0.000000 0.000000 1.000000 0.000000 
1.000000 0.000000 0.000000 34.649999 0.000000 1.000000 0.000000 0.000000 0.000000 0.000000 1.000000 0.000000 
1.000000 0.000000 0.000000 34.799999 0.000000 1.000000 0.000000 0.000000 0.000000 0.000000 1.000000 0.000000 
1.000000 0.000000 0.000000 34.949999 0.000000 1.000000 0.000000 0.000000 0.000000 0.000000 1.000000 0.000000 
1.000000 0.000000 0.000000 35.099999 0.000000 1.000000 0.000000 0.000000 0.000000 0.000000 1.000000 0.000000 
1.000000 0.000000 0.000000 35.249999 0.000000 1.000000 0.000000 0.000000 0.000000 0.000000 1.000000 0.000000 
1.000000 0.000000 0.000000 35.399999 0.000000 1.000000 0.000000 0.000000 0.000000 0.000000 1.000000 0.000000 
1.000000 0.000000 0.000000 35.549999 0.000000 1.000000 0.000000 0.000000 0.000000 0.000000 1.000000 0.000000 
1.000000 0.000000 0.000000 35.699999 0.000000 1.000000 0.000000 0.000000 0.000000 0.000000 1.000000 0.000000 
1.000000 0.000000 0.000000 35.849999 0.000000 1.000000 0.000000 0.000000 0.000000 0.000000 1.000000 0.000000 
1.000000 0.000000 0.000000 35.999999 0.000000 1.000000 0.000000 0.000000 0.000000 0.000000 1.000000 0.000000 
1.000000 0.000000 0.000000 36.149999 0.000000 1.000000 0.000000 0.000000 0.000000 0.000000 1.000000 0.000000 
1.000000 0.000000 0.000000 36.299999 0.000000 1.000000 0.000000 0.000000 0.000000 0.000000 1.000000 0.000000 
1.000000 0.000000 0.000000 36.449999 0.000000 1.000000 0.000000 0.000000 0.000000 0.000000 1.000000 0.000000 
1.000000 0.000000 0.000000 36.599999 0.000000 1.000000 0.000000 0.000000 0.000000 0.000000 1.000000 0.000000 
1.000000 0.000000 0.000000 36.749999 0.000000 1.000000 0.000000 0.000000 0.000000 0.000000 1.000000 0.000000 
1.000000 0.000000 0.000000 36.899999 0.000000 1.000000 0.000000 0.000000 0.000000 0.000000 1.000000 0.000000 
1.000000 0.000000 0.000000 37.049999 0.000000 1.000000 0.000000 0.000000 0.000000 0.000000 1.000000 0.000000 
1.000000 0.000000 0.000000 37.199999 0.000000 1.000000 0.000000 0.000000 0.000000 0.000000 1.000000 0.000000 
1.000000 0.000000 0.000000 37.349999 0.000000 1.000000 0.000000 0.000000 0.000000 0.000000 1.000000 0.000000 
1.000000 0.000000 0.000000 37.499999 0.000000 1.000000 0.000000 0.000000 0.000000 0.000000 1.000000 0.000000 
1.000000 0.000000 0.000000 37.649999 0.000000 1.000000 0.000000 0.000000 0.000000 0.000000 1.000000 0.000000 
1.000000 0.000000 0.000000 37.799999 0.000000 1.000000 0.000000 0.000000 0.000000 0.000000 1.000000 0.000000 
1.000000 0.000000 0.000000 37.949999 0.000000 1.000000 0.000000 0.000000 0.000000 0.000000 1.000000 0.000000 
1.000000 0.000000 0.000000 38.099999 0.000000 1.000000 0.000000 0.000000 0.000000 0.000000 1.000000 0.000000 
1.000000 0.000000 0.000000 38.249999 0.000000 1.000000 0.000000 0.000000 0.000000 0.000000 1.000000 0.000000 
1.000000 0.000000 0.000000 38.399999 0.000000 1.000000 0.000000 0.000000 0.000000 0.000000 1.000000 0.000000 
1.000000 0.000000 0.000000 38.549999 0.000000 1.000000 0.000000 0.000000 0.000000 0.000000 1.000000 0.000000 
1.000000 0.000000 0.000000 38.699999 0.000000 1.000000 0.000000 0.000000 0.000000 0.000000 1.000000 0.000000 
1.000000 0.000000 0.000000 38.849999 0.000000 1.000000 0.000000 0.000000 0.000000 0.000000 1.000000 0.000000 
1.000000 0.000000 0.000000 38.999999 0.000000 1.000000 0.000000 0.000000 0.000000 0.000000 1.000000 0.000000 
1.000000 0.000000 0.000000 39.149999 0.000000 1.000000 0.000000 0.000000 0.000000 0.000000 1.000000 0.000000 
1.000000 0.000000 0.000000 39.299999 0.000000 1.000000 0.000000 0.000000 0.000000 0.000000 1.000000 0.000000 
1.000000 0.000000 0.000000 39.449999 0.000000 1.000000 0.000000 0.000000 0.000000 0.000000 1.000000 0.000000 
1.000000 0.000000 0.000000 39.599999 0.000000 1.000000 0.000000 0.000000 0.000000 0.000000 1.000000 0.000000 
1.000000 0.000000 0.000000 39.749999 0.000000 1.000000 0.000000 0.000000 0.000000 0.000000 1.000000 0.000000 
1.000000 0.000000 0.000000 39.899999 0.000000 1.000000 0.000000 0.000000 0.000000 0.000000 1.000000 0.000000 
1.000000 0.000000 0.000000 40.049999 0.000000 1.000000 0.000000 0.000000 0.000000 0.000000 1.000000 0.000000 
1.000000 0.000000 0.000000 40.199999 0.000000 1.000000 0.000000 0.000000 0.000000 0.000000 1.000000 0.000000 
1.000000 0.000000 0.000000 40.349999 0.000000 1.000000 0.000000 0.000000 0.000000 0.000000 1.000000 0.000000 
1.000000 0.000000 0.000000 40.499999 0.000000 1.000000 0.000000 0.000000 0.000000 0.000000 1.000000 0.000000 
1.000000 0.000000 0.000000 40.649999 0.000000 1.000000 0.000000 0.000000 0.000000 0.000000 1.000000 0.000000 
1.000000 0.000000 0.000000 40.799999 0.000000 1.000000 0.000000 0.000000 0.000000 0.000000 1.000000 0.000000 
1.000000 0.000000 0.000000 40.949999 0.000000 1.000000 0.000000 0.000000 0.000000 0.000000 1.000000 0.000000 
1.000000 0.000000 0.000000 41.099999 0.000000 1.000000 0.000000 0.000000 0.000000 0.000000 1.000000 0.000000 
1.000000 0.000000 0.000000 41.249999 0.000000 1.000000 0.000000 0.000000 0.000000 0.000000 1.000000 0.000000 
1.000000 0.000000 0.000000 41.399999 0.000000 1.000000 0.000000 0.000000 0.000000 0.000000 1.000000 0.000000 
1.000000 0.000000 0.000000 41.549999 0.000000 1.000000 0.000000 0.000000 0.000000 0.000000 1.000000 0.000000 
1.000000 0.000000 0.000000 41.699999 0.000000 1.000000 0.000000 0.000000 0.000000 0.000000 1.000000 0.000000 
1.000000 0.000000 0.000000 41.849999 0.000000 1.000000 0.000000 0.000000 0.000000 0.000000 1.000000 0.000000 
1.000000 0.000000 0.000000 41.999999 0.000000 1.000000 0.000000 0.000000 0.000000 0.000000 1.000000 0.000000 
1.000000 0.000000 0.000000 42.149999 0.000000 1.000000 0.000000 0.000000 0.000000 0.000000 1.000000 0.000000 
1.000000 0.000000 0.000000 42.299999 0.000000 1.000000 0.000000 0.000000 0.000000 0.000000 1.000000 0.000000 
1.000000 0.000000 0.000000 42.449999 0.000000 1.000000 0.000000 0.000000 0.000000 0.000000 1.000000 0.000000 
1.000000 0.000000 0.000000 42.599999 0.000000 1.000000 0.000000 0.000000 0.000000 0.000000 1.000000 0.000000 
1.000000 0.000000 0.000000 42.749999 0.000000 1.000000 0.000000 0.000000 0.000000 0.000000 1.000000 0.000000 
1.000000 0.000000 0.000000 42.899999 0.000000 1.000000 0.000000 0.000000 0.000000 0.000000 1.000000 0.000000 
1.000000 0.000000 0.000000 43.049999 0.000000 1.000000 0.000000 0.000000 0.000000 0.000000 1.000000 0.000000 
1.000000 0.000000 0.000000 43.199999 0.000000 1.000000 0.000000 0.000000 0.000000 0.000000 1.000000 0.000000 
1.000000 0.000000 0.000000 43.349999 0.000000 1.000000 0.000000 0.000000 0.000000 0.000000 1.000000 0.000000 
1.000000 0.000000 0.000000 43.499999 0.000000 1.000000 0.000000 0.000000 0.000000 0.000000 1.000000 0.000000 
1.000000 0.000000 0.000000 43.649999 0.000000 1.000000 0.000000 0.000000 0.000000 0.000000 1.000000 0.000000 
1.000000 0.000000 0.000000 43.799999 0.000000 1.000000 0.000000 0.000000 0.000000 0.000000 1.000000 0.000000 
1.000000 0.000000 0.000000 43.949999 0.000000 1.000000 0.000000 0.000000 0.000000 0.000000 1.000000 0.000000 
1.000000 0.000000 0.000000 44.099998 0.000000 1.000000 0.000000 0.000000 0.000000 0.000000 1.000000 0.000000 
1.000000 0.000000 0.000000 44.249998 0.000000 1.000000 0.000000 0.000000 0.000000 0.000000 1.000000 0.000000 
1.000000 0.000000 0.000000 44.399998 0.000000 1.000000 0.000000 0.000000 0.000000 0.000000 1.000000 0.000000 
1.000000 0.000000 0.000000 44.549998 0.000000 1.000000 0.000000 0.000000 0.000000 0.000000 1.000000 0.000000 
1.000000 0.000000 0.000000 44.699998 0.000000 1.000000 0.000000 0.000000 0.000000 0.000000 1.000000 0.000000 
1.000000 0.000000 0.000000 44.849998 0.000000 1.000000 0.000000 0.000000 0.000000 0.000000 1.000000 0.000000 
1.000000 0.000000 0.000000 44.999998 0.000000 1.000000 0.000000 0.000000 0.000000 0.000000 1.000000 0.000000 
1.000000 0.000000 0.000000 45.149998 0.000000 1.000000 0.000000 0.000000 0.000000 0.000000 1.000000 0.000000 
1.000000 0.000000 0.000000 45.299998 0.000000 1.000000 0.000000 0.000000 0.000000 0.000000 1.000000 0.000000 
1.000000 0.000000 0.000000 45.449998 0.000000 1.000000 0.000000 0.000000 0.000000 0.000000 1.000000 0.000000 
1.000000 0.000000 0.000000 45.599998 0.000000 1.000000 0.000000 0.000000 0.000000 0.000000 1.000000 0.000000 
1.000000 0.000000 0.000000 45.749998 0.000000 1.000000 0.000000 0.000000 0.000000 0.000000 1.000000 0.000000 
1.000000 0.000000 0.000000 45.899998 0.000000 1.000000 0.000000 0.000000 0.000000 0.000000 1.000000 0.000000 
1.000000 0.000000 0.000000 46.049998 0.000000 1.000000 0.000000 0.000000 0.000000 0.000000 1.000000 0.000000 
1.000000 0.000000 0.000000 46.199998 0.000000 1.000000 0.000000 0.000000 0.000000 0.000000 1.000000 0.000000 
1.000000 0.000000 0.000000 46.349998 0.000000 1.000000 0.000000 0.000000 0.000000 0.000000 1.000000 0.000000 
1.000000 0.000000 0.000000 46.499998 0.000000 1.000000 0.000000 0.000000 0.000000 0.000000 1.000000 0.000000 
1.000000 0.000000 0.000000 46.649998 0.000000 1.000000 0.000000 0.000000 0.000000 0.000000 1.000000 0.000000 
1.000000 0.000000 0.000000 46.799998 0.000000 1.000000 0.000000 0.000000 0.000000 0.000000 1.000000 0.000000 
1.000000 0.000000 0.000000 46.949998 0.000000 1.000000 0.000000 0.000000 0.000000 0.000000 1.000000 0.000000 
1.000000 0.000000 0.000000 47.099998 0.000000 1.000000 0.000000 0.000000 0.000000 0.000000 1.000000 0.000000 
1.000000 0.000000 0.000000 47.249998 0.000000 1.000000 0.000000 0.000000 0.000000 0.000000 1.000000 0.000000 
1.000000 0.000000 0.000000 47.399998 0.000000 1.000000 0.000000 0.000000 0.000000 0.000000 1.000000 0.000000 
1.000000 0.000000 0.000000 47.549998 0.000000 1.000000 0.000000 0.000000 0.000000 0.000000 1.000000 0.000000 
1.000000 0.000000 0.000000 47.699998 0.000000 1.000000 0.000000 0.000000 0.000000 0.000000 1.000000 0.000000 
1.000000 0.000000 0.000000 47.849998 0.000000 1.000000 0.000000 0.000000 0.000000 0.000000 1.000000 0.000000 
1.000000 0.000000 0.000000 47.999998 0.000000 1.000000 0.000000 0.000000 0.000000 0.000000 1.000000 0.000000 
1.000000 0.000000 0.000000 48.149998 0.000000 1.000000 0.000000 0.000000 0.000000 0.000000 1.000000 0.000000 
1.000000 0.000000 0.000000 48.299998 0.000000 1.000000 0.000000 0.000000 0.000000 0.000000 1.000000 0.000000 
1.000000 0.000000 0.000000 48.449998 0.000000 1.000000 0.000000 0.000000 0.000000 0.000000 1.000000 0.000000 
1.000000 0.000000 0.000000 48.599998 0.000000 1.000000 0.000000 0.000000 0.000000 0.000000 1.000000 0.000000 
1.000000 0.000000 0.000000 48.749998 0.000000 1.000000 0.000000 0.000000 0.000000 0.000000 1.000000 0.000000 
1.000000 0.000000 0.000000 48.899998 0.000000 1.000000 0.000000 0.000000 0.000000 0.000000 1.000000 0.000000 
1.000000 0.000000 0.000000 49.049998 0.000000 1.000000 0.000000 0.000000 0.000000 0.000000 1.000000 0.000000 
1.000000 0.000000 0.000000 49.199998 0.000000 1.000000 0.000000 0.000000 0.000000 0.000000 1.000000 0.000000 
1.000000 0.000000 0.000000 49.349998 0.000000 1.000000 0.000000 0.000000 0.000000 0.000000 1.000000 0.000000 
1.000000 0.000000 0.000000 49.499998 0.000000 1.000000 0.000000 0.000000 0.000000 0.000000 1.000000 0.000000 
1.000000 0.000000 0.000000 49.649998 0.000000 1.000000 0.000000 0.000000 0.000000 0.000000 1.000000 0.000000 
1.000000 0.000000 0.000000 49.799998 0.000000 1.000000 0.000000 0.000000 0.000000 0.000000 1.000000 0.000000 
1.000000 0.000000 0.000000 49.949998 0.000000 1.000000 0.000000 0.000000 0.000000 0.000000 1.000000 0.000000 
1.000000 0.000000 0.000000 50.099998 0.000000 1.000000 0.000000 0.000000 0.000000 0.000000 1.000000 0.000000 
1.000000 0.000000 0.000000 50.249998 0.000000 1.000000 0.000000 0.000000 0.000000 0.000000 1.000000 0.000000 
1.000000 0.000000 0.000000 50.399998 0.000000 1.000000 0.000000 0.000000 0.000000 0.000000 1.000000 0.000000 
1.000000 0.000000 0.000000 50.549998 0.000000 1.000000 0.000000 0.000000 0.000000 0.000000 1.000000 0.000000 
1.000000 0.000000 0.000000 50.699998 0.000000 1.000000 0.000000 0.000000 0.000000 0.000000 1.000000 0.000000 
1.000000 0.000000 0.000000 50.849998 0.000000 1.000000 0.000000 0.000000 0.000000 0.000000 1.000000 0.000000 
1.000000 0.000000 0.000000 50.999998 0.000000 1.000000 0.000000 0.000000 0.000000 0.000000 1.000000 0.000000 
1.000000 0.000000 0.000000 51.149998 0.000000 1.000000 0.000000 0.000000 0.000000 0.000000 1.000000 0.000000 
1.000000 0.000000 0.000000 51.299998 0.000000 1.000000 0.000000 0.000000 0.000000 0.000000 1.000000 0.000000 
1.000000 0.000000 0.000000 51.449998 0.000000 1.000000 0.000000 0.000000 0.000000 0.000000 1.000000 0.000000 
1.000000 0.000000 0.000000 51.599998 0.000000 1.000000 0.000000 0.000000 0.000000 0.000000 1.000000 0.000000 
1.000000 0.000000 0.000000 51.749998 0.000000 1.000000 0.000000 0.000000 0.000000 0.000000 1.000000 0.000000 
1.000000 0.000000 0.000000 51.899998 0.000000 1.000000 0.000000 0.000000 0.000000 0.000000 1.000000 0.000000 
1.000000 0.000000 0.000000 52.049998 0.000000 1.000000 0.000000 0.000000 0.000000 0.000000 1.000000 0.000000 
1.000000 0.000000 0.000000 52.199998 0.000000 1.000000 0.000000 0.000000 0.000000 0.000000 1.000000 0.000000 
1.000000 0.000000 0.000000 52.349998 0.000000 1.000000 0.000000 0.000000 0.000000 0.000000 1.000000 0.000000 
1.000000 0.000000 0.000000 52.499998 0.000000 1.000000 0.000000 0.000000 0.000000 0.000000 1.000000 0.000000 
1.000000 0.000000 0.000000 52.649998 0.000000 1.000000 0.000000 0.000000 0.000000 0.000000 1.000000 0.000000 
1.000000 0.000000 0.000000 52.799998 0.000000 1.000000 0.000000 0.000000 0.000000 0.000000 1.000000 0.000000 
1.000000 0.000000 0.000000 52.949998 0.000000 1.000000 0.000000 0.000000 0.000000 0.000000 1.000000 0.000000 
1.000000 0.000000 0.000000 53.099998 0.000000 1.000000 0.000000 0.000000 0.000000 0.000000 1.000000 0.000000 
1.000000 0.000000 0.000000 53.249998 0.000000 1.000000 0.000000 0.000000 0.000000 0.000000 1.000000 0.000000 
1.000000 0.000000 0.000000 53.399998 0.000000 1.000000 0.000000 0.000000 0.000000 0.000000 1.000000 0.000000 
1.000000 0.000000 0.000000 53.549998 0.000000 1.000000 0.000000 0.000000 0.000000 0.000000 1.000000 0.000000 
1.000000 0.000000 0.000000 53.699998 0.000000 1.000000 0.000000 0.000000 0.000000 0.000000 1.000000 0.000000 
1.000000 0.000000 0.000000 53.849998 0.000000 1.000000 0.000000 0.000000 0.000000 0.000000 1.000000 0.000000 
1.000000 0.000000 0.000000 53.999998 0.000000 1.000000 0.000000 0.000000 0.000000 0.000000 1.000000 0.000000 
1.000000 0.000000 0.000000 54.149998 0.000000 1.000000 0.000000 0.000000 0.000000 0.000000 1.000000 0.000000 
1.000000 0.000000 0.000000 54.299998 0.000000 1.000000 0.000000 0.000000 0.000000 0.000000 1.000000 0.000000 
1.000000 0.000000 0.000000 54.449998 0.000000 1.000000 0.000000 0.000000 0.000000 0.000000 1.000000 0.000000 
1.000000 0.000000 0.000000 54.599998 0.000000 1.000000 0.000000 0.000000 0.000000 0.000000 1.000000 0.000000 
1.000000 0.000000 0.000000 54.749998 0.000000 1.000000 0.000000 0.000000 0.000000 0.000000 1.000000 0.000000 
1.000000 0.000000 0.000000 54.899998 0.000000 1.000000 0.000000 0.000000 0.000000 0.000000 1.000000 0.000000 
1.000000 0.000000 0.000000 55.049998 0.000000 1.000000 0.000000 0.000000 0.000000 0.000000 1.000000 0.000000 
1.000000 0.000000 0.000000 55.199998 0.000000 1.000000 0.000000 0.000000 0.000000 0.000000 1.000000 0.000000 
1.000000 0.000000 0.000000 55.349998 0.000000 1.000000 0.000000 0.000000 0.000000 0.000000 1.000000 0.000000 
1.000000 0.000000 0.000000 55.499998 0.000000 1.000000 0.000000 0.000000 0.000000 0.000000 1.000000 0.000000 
1.000000 0.000000 0.000000 55.649998 0.000000 1.000000 0.000000 0.000000 0.000000 0.000000 1.000000 0.000000 
1.000000 0.000000 0.000000 55.799998 0.000000 1.000000 0.000000 0.000000 0.000000 0.000000 1.000000 0.000000 
1.000000 0.000000 0.000000 55.949998 0.000000 1.000000 0.000000 0.000000 0.000000 0.000000 1.000000 0.000000 
1.000000 0.000000 0.000000 56.099998 0.000000 1.000000 0.000000 0.000000 0.000000 0.000000 1.000000 0.000000 
1.000000 0.000000 0.000000 56.249998 0.000000 1.000000 0.000000 0.000000 0.000000 0.000000 1.000000 0.000000 
1.000000 0.000000 0.000000 56.399998 0.000000 1.000000 0.000000 0.000000 0.000000 0.000000 1.000000 0.000000 
1.000000 0.000000 0.000000 56.549998 0.000000 1.000000 0.000000 0.000000 0.000000 0.000000 1.000000 0.000000 
1.000000 0.000000 0.000000 56.699998 0.000000 1.000000 0.000000 0.000000 0.000000 0.000000 1.000000 0.000000 
1.000000 0.000000 0.000000 56.849998 0.000000 1.000000 0.000000 0.000000 0.000000 0.000000 1.000000 0.000000 
1.000000 0.000000 0.000000 56.999998 0.000000 1.000000 0.000000 0.000000 0.000000 0.000000 1.000000 0.000000 
1.000000 0.000000 0.000000 57.149998 0.000000 1.000000 0.000000 0.000000 0.000000 0.000000 1.000000 0.000000 
1.000000 0.000000 0.000000 57.299998 0.000000 1.000000 0.000000 0.000000 0.000000 0.000000 1.000000 0.000000 
1.000000 0.000000 0.000000 57.449998 0.000000 1.000000 0.000000 0.000000 0.000000 0.000000 1.000000 0.000000 
1.000000 0.000000 0.000000 57.599998 0.000000 1.000000 0.000000 0.000000 0.000000 0.000000 1.000000 0.000000 
1.000000 0.000000 0.000000 57.749998 0.000000 1.000000 0.000000 0.000000 0.000000 0.000000 1.000000 0.000000 
1.000000 0.000000 0.000000 57.899998 0.000000 1.000000 0.000000 0.000000 0.000000 0.000000 1.000000 0.000000 
1.000000 0.000000 0.000000 58.049998 0.000000 1.000000 0.000000 0.000000 0.000000 0.000000 1.000000 0.000000 
1.000000 0.000000 0.000000 58.199998 0.000000 1.000000 0.000000 0.000000 0.000000 0.000000 1.000000 0.000000 
1.000000 0.000000 0.000000 58.349998 0.000000 1.000000 0.000000 0.000000 0.000000 0.000000 1.000000 0.000000 
1.000000 0.000000 0.000000 58.499998 0.000000 1.000000 0.000000 0.000000 0.000000 0.000000 1.000000 0.000000 
1.000000 0.000000 0.000000 58.649998 0.000000 1.000000 0.000000 0.000000 0.000000 0.000000 1.000000 0.000000 
1.000000 0.000000 0.000000 58.799998 0.000000 1.000000 0.000000 0.000000 0.000000 0.000000 1.000000 0.000000 
1.000000 0.000000 0.000000 58.949998 0.000000 1.000000 0.000000 0.000000 0.000000 0.000000 1.000000 0.000000 
1.000000 0.000000 0.000000 59.099998 0.000000 1.000000 0.000000 0.000000 0.000000 0.000000 1.000000 0.000000 
1.000000 0.000000 0.000000 59.249998 0.000000 1.000000 0.000000 0.000000 0.000000 0.000000 1.000000 0.000000 
1.000000 0.000000 0.000000 59.399998 0.000000 1.000000 0.000000 0.000000 0.000000 0.000000 1.000000 0.000000 
1.000000 0.000000 0.000000 59.549998 0.000000 1.000000 0.000000 0.000000 0.000000 0.000000 1.000000 0.000000 
1.000000 0.000000 0.000000 59.699998 0.000000 1.000000 0.000000 0.000000 0.000000 0.000000 1.000000 0.000000 
1.000000 0.000000 0.000000 59.849998 0.000000 1.000000 0.000000 0.000000 0.000000 0.000000 1.000000 0.000000 
1.000000 0.000000 0.000000 59.999998 0.000000 1.000000 0.000000 0.000000 0.000000 0.000000 1.000000 0.000000 
1.000000 0.000000 0.000000 60.149998 0.000000 1.000000 0.000000 0.000000 0.000000 0.000000 1.000000 0.000000 
1.000000 0.000000 0.000000 60.299998 0.000000 1.000000 0.000000 0.000000 0.000000 0.000000 1.000000 0.000000 
1.000000 0.000000 0.000000 60.449998 0.000000 1.000000 0.000000 0.000000 0.000000 0.000000 1.000000 0.000000 
1.000000 0.000000 0.000000 60.599998 0.000000 1.000000 0.000000 0.000000 0.000000 0.000000 1.000000 0.000000 
1.000000 0.000000 0.000000 60.749998 0.000000 1.000000 0.000000 0.000000 0.000000 0.000000 1.000000 0.000000 
1.000000 0.000000 0.000000 60.899998 0.000000 1.000000 0.000000 0.000000 0.000000 0.000000 1.000000 0.000000 
1.000000 0.000000 0.000000 61.049998 0.000000 1.000000 0.000000 0.000000 0.000000 0.000000 1.000000 0.000000 
1.000000 0.000000 0.000000 61.199998 0.000000 1.000000 0.000000 0.000000 0.000000 0.000000 1.000000 0.000000 
1.000000 0.000000 0.000000 61.349998 0.000000 1.000000 0.000000 0.000000 0.000000 0.000000 1.000000 0.000000 
1.000000 0.000000 0.000000 61.499998 0.000000 1.000000 0.000000 0.000000 0.000000 0.000000 1.000000 0.000000 
1.000000 0.000000 0.000000 61.649998 0.000000 1.000000 0.000000 0.000000 0.000000 0.000000 1.000000 0.000000 
1.000000 0.000000 0.000000 61.799998 0.000000 1.000000 0.000000 0.000000 0.000000 0.000000 1.000000 0.000000 
1.000000 0.000000 0.000000 61.949998 0.000000 1.000000 0.000000 0.000000 0.000000 0.000000 1.000000 0.000000 
1.000000 0.000000 0.000000 62.099998 0.000000 1.000000 0.000000 0.000000 0.000000 0.000000 1.000000 0.000000 
1.000000 0.000000 0.000000 62.249998 0.000000 1.000000 0.000000 0.000000 0.000000 0.000000 1.000000 0.000000 
1.000000 0.000000 0.000000 62.399998 0.000000 1.000000 0.000000 0.000000 0.000000 0.000000 1.000000 0.000000 
1.000000 0.000000 0.000000 62.549998 0.000000 1.000000 0.000000 0.000000 0.000000 0.000000 1.000000 0.000000 
1.000000 0.000000 0.000000 62.699998 0.000000 1.000000 0.000000 0.000000 0.000000 0.000000 1.000000 0.000000 
1.000000 0.000000 0.000000 62.849998 0.000000 1.000000 0.000000 0.000000 0.000000 0.000000 1.000000 0.000000 
1.000000 0.000000 0.000000 62.999998 0.000000 1.000000 0.000000 0.000000 0.000000 0.000000 1.000000 0.000000 
1.000000 0.000000 0.000000 63.149998 0.000000 1.000000 0.000000 0.000000 0.000000 0.000000 1.000000 0.000000 
1.000000 0.000000 0.000000 63.299998 0.000000 1.000000 0.000000 0.000000 0.000000 0.000000 1.000000 0.000000 
1.000000 0.000000 0.000000 63.449998 0.000000 1.000000 0.000000 0.000000 0.000000 0.000000 1.000000 0.000000 
1.000000 0.000000 0.000000 63.599998 0.000000 1.000000 0.000000 0.000000 0.000000 0.000000 1.000000 0.000000 
1.000000 0.000000 0.000000 63.749998 0.000000 1.000000 0.000000 0.000000 0.000000 0.000000 1.000000 0.000000 
1.000000 0.000000 0.000000 63.899998 0.000000 1.000000 0.000000 0.000000 0.000000 0.000000 1.000000 0.000000 
1.000000 0.000000 0.000000 64.049998 0.000000 1.000000 0.000000 0.000000 0.000000 0.000000 1.000000 0.000000 
1.000000 0.000000 0.000000 64.199998 0.000000 1.000000 0.000000 0.000000 0.000000 0.000000 1.000000 0.000000 
1.000000 0.000000 0.000000 64.349998 0.000000 1.000000 0.000000 0.000000 0.000000 0.000000 1.000000 0.000000 
1.000000 0.000000 0.000000 64.499998 0.000000 1.000000 0.000000 0.000000 0.000000 0.000000 1.000000 0.000000 
1.000000 0.000000 0.000000 64.649998 0.000000 1.000000 0.000000 0.000000 0.000000 0.000000 1.000000 0.000000 
1.000000 0.000000 0.000000 64.799998 0.000000 1.000000 0.000000 0.000000 0.000000 0.000000 1.000000 0.000000 
1.000000 0.000000 0.000000 64.949998 0.000000 1.000000 0.000000 0.000000 0.000000 0.000000 1.000000 0.000000 
1.000000 0.000000 0.000000 65.099998 0.000000 1.000000 0.000000 0.000000 0.000000 0.000000 1.000000 0.000000 
1.000000 0.000000 0.000000 65.249998 0.000000 1.000000 0.000000 0.000000 0.000000 0.000000 1.000000 0.000000 
1.000000 0.000000 0.000000 65.399998 0.000000 1.000000 0.000000 0.000000 0.000000 0.000000 1.000000 0.000000 
1.000000 0.000000 0.000000 65.549998 0.000000 1.000000 0.000000 0.000000 0.000000 0.000000 1.000000 0.000000 
1.000000 0.000000 0.000000 65.699998 0.000000 1.000000 0.000000 0.000000 0.000000 0.000000 1.000000 0.000000 
1.000000 0.000000 0.000000 65.849998 0.000000 1.000000 0.000000 0.000000 0.000000 0.000000 1.000000 0.000000 
1.000000 0.000000 0.000000 65.999998 0.000000 1.000000 0.000000 0.000000 0.000000 0.000000 1.000000 0.000000 
1.000000 0.000000 0.000000 66.149998 0.000000 1.000000 0.000000 0.000000 0.000000 0.000000 1.000000 0.000000 
1.000000 0.000000 0.000000 66.299998 0.000000 1.000000 0.000000 0.000000 0.000000 0.000000 1.000000 0.000000 
1.000000 0.000000 0.000000 66.449998 0.000000 1.000000 0.000000 0.000000 0.000000 0.000000 1.000000 0.000000 
1.000000 0.000000 0.000000 66.599998 0.000000 1.000000 0.000000 0.000000 0.000000 0.000000 1.000000 0.000000 
1.000000 0.000000 0.000000 66.749998 0.000000 1.000000 0.000000 0.000000 0.000000 0.000000 1.000000 0.000000 
1.000000 0.000000 0.000000 66.899998 0.000000 1.000000 0.000000 0.000000 0.000000 0.000000 1.000000 0.000000 
1.000000 0.000000 0.000000 67.049998 0.000000 1.000000 0.000000 0.000000 0.000000 0.000000 1.000000 0.000000 
1.000000 0.000000 0.000000 67.199998 0.000000 1.000000 0.000000 0.000000 0.000000 0.000000 1.000000 0.000000 
1.000000 0.000000 0.000000 67.349998 0.000000 1.000000 0.000000 0.000000 0.000000 0.000000 1.000000 0.000000 
1.000000 0.000000 0.000000 67.499998 0.000000 1.000000 0.000000 0.000000 0.000000 0.000000 1.000000 0.000000 
1.000000 0.000000 0.000000 67.649998 0.000000 1.000000 0.000000 0.000000 0.000000 0.000000 1.000000 0.000000 
1.000000 0.000000 0.000000 67.799998 0.000000 1.000000 0.000000 0.000000 0.000000 0.000000 1.000000 0.000000 
1.000000 0.000000 0.000000 67.949998 0.000000 1.000000 0.000000 0.000000 0.000000 0.000000 1.000000 0.000000 
1.000000 0.000000 0.000000 68.099998 0.000000 1.000000 0.000000 0.000000 0.000000 0.000000 1.000000 0.000000 
1.000000 0.000000 0.000000 68.249998 0.000000 1.000000 0.000000 0.000000 0.000000 0.000000 1.000000 0.000000 
1.000000 0.000000 0.000000 68.399998 0.000000 1.000000 0.000000 0.000000 0.000000 0.000000 1.000000 0.000000 
1.000000 0.000000 0.000000 68.549998 0.000000 1.000000 0.000000 0.000000 0.000000 0.000000 1.000000 0.000000 
1.000000 0.000000 0.000000 68.699998 0.000000 1.000000 0.000000 0.000000 0.000000 0.000000 1.000000 0.000000 
1.000000 0.000000 0.000000 68.849998 0.000000 1.000000 0.000000 0.000000 0.000000 0.000000 1.000000 0.000000 
1.000000 0.000000 0.000000 68.999998 0.000000 1.000000 0.000000 0.000000 0.000000 0.000000 1.000000 0.000000 
1.000000 0.000000 0.000000 69.149998 0.000000 1.000000 0.000000 0.000000 0.000000 0.000000 1.000000 0.000000 
1.000000 0.000000 0.000000 69.299998 0.000000 1.000000 0.000000 0.000000 0.000000 0.000000 1.000000 0.000000 
1.000000 0.000000 0.000000 69.449998 0.000000 1.000000 0.000000 0.000000 0.000000 0.000000 1.000000 0.000000 
1.000000 0.000000 0.000000 69.599998 0.000000 1.000000 0.000000 0.000000 0.000000 0.000000 1.000000 0.000000 
1.000000 0.000000 0.000000 69.749998 0.000000 1.000000 0.000000 0.000000 0.000000 0.000000 1.000000 0.000000 
1.000000 0.000000 0.000000 69.899998 0.000000 1.000000 0.000000 0.000000 0.000000 0.000000 1.000000 0.000000 
1.000000 0.000000 0.000000 70.049998 0.000000 1.000000 0.000000 0.000000 0.000000 0.000000 1.000000 0.000000 
1.000000 0.000000 0.000000 70.199998 0.000000 1.000000 0.000000 0.000000 0.000000 0.000000 1.000000 0.000000 
1.000000 0.000000 0.000000 70.349998 0.000000 1.000000 0.000000 0.000000 0.000000 0.000000 1.000000 0.000000 
1.000000 0.000000 0.000000 70.499998 0.000000 1.000000 0.000000 0.000000 0.000000 0.000000 1.000000 0.000000 
1.000000 0.000000 0.000000 70.649998 0.000000 1.000000 0.000000 0.000000 0.000000 0.000000 1.000000 0.000000 
1.000000 0.000000 0.000000 70.799998 0.000000 1.000000 0.000000 0.000000 0.000000 0.000000 1.000000 0.000000 
1.000000 0.000000 0.000000 70.949998 0.000000 1.000000 0.000000 0.000000 0.000000 0.000000 1.000000 0.000000 
1.000000 0.000000 0.000000 71.099998 0.000000 1.000000 0.000000 0.000000 0.000000 0.000000 1.000000 0.000000 
1.000000 0.000000 0.000000 71.249998 0.000000 1.000000 0.000000 0.000000 0.000000 0.000000 1.000000 0.000000 
1.000000 0.000000 0.000000 71.399998 0.000000 1.000000 0.000000 0.000000 0.000000 0.000000 1.000000 0.000000 
1.000000 0.000000 0.000000 71.549998 0.000000 1.000000 0.000000 0.000000 0.000000 0.000000 1.000000 0.000000 
1.000000 0.000000 0.000000 71.699998 0.000000 1.000000 0.000000 0.000000 0.000000 0.000000 1.000000 0.000000 
1.000000 0.000000 0.000000 71.849998 0.000000 1.000000 0.000000 0.000000 0.000000 0.000000 1.000000 0.000000 
1.000000 0.000000 0.000000 71.999998 0.000000 1.000000 0.000000 0.000000 0.000000 0.000000 1.000000 0.000000 
1.000000 0.000000 0.000000 72.149998 0.000000 1.000000 0.000000 0.000000 0.000000 0.000000 1.000000 0.000000 
1.000000 0.000000 0.000000 72.299998 0.000000 1.000000 0.000000 0.000000 0.000000 0.000000 1.000000 0.000000 
1.000000 0.000000 0.000000 72.449998 0.000000 1.000000 0.000000 0.000000 0.000000 0.000000 1.000000 0.000000 
1.000000 0.000000 0.000000 72.599998 0.000000 1.000000 0.000000 0.000000 0.000000 0.000000 1.000000 0.000000 
1.000000 0.000000 0.000000 72.749998 0.000000 1.000000 0.000000 0.000000 0.000000 0.000000 1.000000 0.000000 
1.000000 0.000000 0.000000 72.899998 0.000000 1.000000 0.000000 0.000000 0.000000 0.000000 1.000000 0.000000 
1.000000 0.000000 0.000000 73.049998 0.000000 1.000000 0.000000 0.000000 0.000000 0.000000 1.000000 0.000000 
1.000000 0.000000 0.000000 73.199998 0.000000 1.000000 0.000000 0.000000 0.000000 0.000000 1.000000 0.000000 
1.000000 0.000000 0.000000 73.349998 0.000000 1.000000 0.000000 0.000000 0.000000 0.000000 1.000000 0.000000 
1.000000 0.000000 0.000000 73.499997 0.000000 1.000000 0.000000 0.000000 0.000000 0.000000 1.000000 0.000000 
1.000000 0.000000 0.000000 73.649997 0.000000 1.000000 0.000000 0.000000 0.000000 0.000000 1.000000 0.000000 
1.000000 0.000000 0.000000 73.799997 0.000000 1.000000 0.000000 0.000000 0.000000 0.000000 1.000000 0.000000 
1.000000 0.000000 0.000000 73.949997 0.000000 1.000000 0.000000 0.000000 0.000000 0.000000 1.000000 0.000000 
1.000000 0.000000 0.000000 74.099997 0.000000 1.000000 0.000000 0.000000 0.000000 0.000000 1.000000 0.000000 
1.000000 0.000000 0.000000 74.249997 0.000000 1.000000 0.000000 0.000000 0.000000 0.000000 1.000000 0.000000 
1.000000 0.000000 0.000000 74.399997 0.000000 1.000000 0.000000 0.000000 0.000000 0.000000 1.000000 0.000000 
1.000000 0.000000 0.000000 74.549997 0.000000 1.000000 0.000000 0.000000 0.000000 0.000000 1.000000 0.000000 
1.000000 0.000000 0.000000 74.699997 0.000000 1.000000 0.000000 0.000000 0.000000 0.000000 1.000000 0.000000 
1.000000 0.000000 0.000000 74.849997 0.000000 1.000000 0.000000 0.000000 0.000000 0.000000 1.000000 0.000000 
1.000000 0.000000 0.000000 74.999997 0.000000 1.000000 0.000000 0.000000 0.000000 0.000000 1.000000 0.000000 
1.000000 0.000000 0.000000 75.149997 0.000000 1.000000 0.000000 0.000000 0.000000 0.000000 1.000000 0.000000 
1.000000 0.000000 0.000000 75.299997 0.000000 1.000000 0.000000 0.000000 0.000000 0.000000 1.000000 0.000000 
1.000000 0.000000 0.000000 75.449997 0.000000 1.000000 0.000000 0.000000 0.000000 0.000000 1.000000 0.000000 
1.000000 0.000000 0.000000 75.599997 0.000000 1.000000 0.000000 0.000000 0.000000 0.000000 1.000000 0.000000 
1.000000 0.000000 0.000000 75.749997 0.000000 1.000000 0.000000 0.000000 0.000000 0.000000 1.000000 0.000000 
1.000000 0.000000 0.000000 75.899997 0.000000 1.000000 0.000000 0.000000 0.000000 0.000000 1.000000 0.000000 
1.000000 0.000000 0.000000 76.049997 0.000000 1.000000 0.000000 0.000000 0.000000 0.000000 1.000000 0.000000 
1.000000 0.000000 0.000000 76.199997 0.000000 1.000000 0.000000 0.000000 0.000000 0.000000 1.000000 0.000000 
1.000000 0.000000 0.000000 76.349997 0.000000 1.000000 0.000000 0.000000 0.000000 0.000000 1.000000 0.000000 
1.000000 0.000000 0.000000 76.499997 0.000000 1.000000 0.000000 0.000000 0.000000 0.000000 1.000000 0.000000 
1.000000 0.000000 0.000000 76.649997 0.000000 1.000000 0.000000 0.000000 0.000000 0.000000 1.000000 0.000000 
1.000000 0.000000 0.000000 76.799997 0.000000 1.000000 0.000000 0.000000 0.000000 0.000000 1.000000 0.000000 
1.000000 0.000000 0.000000 76.949997 0.000000 1.000000 0.000000 0.000000 0.000000 0.000000 1.000000 0.000000 
1.000000 0.000000 0.000000 77.099997 0.000000 1.000000 0.000000 0.000000 0.000000 0.000000 1.000000 0.000000 
1.000000 0.000000 0.000000 77.249997 0.000000 1.000000 0.000000 0.000000 0.000000 0.000000 1.000000 0.000000 
1.000000 0.000000 0.000000 77.399997 0.000000 1.000000 0.000000 0.000000 0.000000 0.000000 1.000000 0.000000 
1.000000 0.000000 0.000000 77.549997 0.000000 1.000000 0.000000 0.000000 0.000000 0.000000 1.000000 0.000000 
1.000000 0.000000 0.000000 77.699997 0.000000 1.000000 0.000000 0.000000 0.000000 0.000000 1.000000 0.000000 
1.000000 0.000000 0.000000 77.849997 0.000000 1.000000 0.000000 0.000000 0.000000 0.000000 1.000000 0.000000 
1.000000 0.000000 0.000000 77.999997 0.000000 1.000000 0.000000 0.000000 0.000000 0.000000 1.000000 0.000000 
1.000000 0.000000 0.000000 78.149997 0.000000 1.000000 0.000000 0.000000 0.000000 0.000000 1.000000 0.000000 
1.000000 0.000000 0.000000 78.299997 0.000000 1.000000 0.000000 0.000000 0.000000 0.000000 1.000000 0.000000 
1.000000 0.000000 0.000000 78.449997 0.000000 1.000000 0.000000 0.000000 0.000000 0.000000 1.000000 0.000000 
1.000000 0.000000 0.000000 78.599997 0.000000 1.000000 0.000000 0.000000 0.000000 0.000000 1.000000 0.000000 
1.000000 0.000000 0.000000 78.749997 0.000000 1.000000 0.000000 0.000000 0.000000 0.000000 1.000000 0.000000 
1.000000 0.000000 0.000000 78.899997 0.000000 1.000000 0.000000 0.000000 0.000000 0.000000 1.000000 0.000000 
1.000000 0.000000 0.000000 79.049997 0.000000 1.000000 0.000000 0.000000 0.000000 0.000000 1.000000 0.000000 
1.000000 0.000000 0.000000 79.199997 0.000000 1.000000 0.000000 0.000000 0.000000 0.000000 1.000000 0.000000 
1.000000 0.000000 0.000000 79.349997 0.000000 1.000000 0.000000 0.000000 0.000000 0.000000 1.000000 0.000000 
1.000000 0.000000 0.000000 79.499997 0.000000 1.000000 0.000000 0.000000 0.000000 0.000000 1.000000 0.000000 
1.000000 0.000000 0.000000 79.649997 0.000000 1.000000 0.000000 0.000000 0.000000 0.000000 1.000000 0.000000 
1.000000 0.000000 0.000000 79.799997 0.000000 1.000000 0.000000 0.000000 0.000000 0.000000 1.000000 0.000000 
1.000000 0.000000 0.000000 79.949997 0.000000 1.000000 0.000000 0.000000 0.000000 0.000000 1.000000 0.000000 
1.000000 0.000000 0.000000 80.099997 0.000000 1.000000 0.000000 0.000000 0.000000 0.000000 1.000000 0.000000 
1.000000 0.000000 0.000000 80.249997 0.000000 1.000000 0.000000 0.000000 0.000000 0.000000 1.000000 0.000000 
1.000000 0.000000 0.000000 80.399997 0.000000 1.000000 0.000000 0.000000 0.000000 0.000000 1.000000 0.000000 
1.000000 0.000000 0.000000 80.549997 0.000000 1.000000 0.000000 0.000000 0.000000 0.000000 1.000000 0.000000 
1.000000 0.000000 0.000000 80.699997 0.000000 1.000000 0.000000 0.000000 0.000000 0.000000 1.000000 0.000000 
1.000000 0.000000 0.000000 80.849997 0.000000 1.000000 0.000000 0.000000 0.000000 0.000000 1.000000 0.000000 
1.000000 0.000000 0.000000 80.999997 0.000000 1.000000 0.000000 0.000000 0.000000 0.000000 1.000000 0.000000 
1.000000 0.000000 0.000000 81.149997 0.000000 1.000000 0.000000 0.000000 0.000000 0.000000 1.000000 0.000000 
1.000000 0.000000 0.000000 81.299997 0.000000 1.000000 0.000000 0.000000 0.000000 0.000000 1.000000 0.000000 
1.000000 0.000000 0.000000 81.449997 0.000000 1.000000 0.000000 0.000000 0.000000 0.000000 1.000000 0.000000 
1.000000 0.000000 0.000000 81.599997 0.000000 1.000000 0.000000 0.000000 0.000000 0.000000 1.000000 0.000000 
1.000000 0.000000 0.000000 81.749997 0.000000 1.000000 0.000000 0.000000 0.000000 0.000000 1.000000 0.000000 
1.000000 0.000000 0.000000 81.899997 0.000000 1.000000 0.000000 0.000000 0.000000 0.000000 1.000000 0.000000 
1.000000 0.000000 0.000000 82.049997 0.000000 1.000000 0.000000 0.000000 0.000000 0.000000 1.000000 0.000000 
1.000000 0.000000 0.000000 82.199997 0.000000 1.000000 0.000000 0.000000 0.000000 0.000000 1.000000 0.000000 
1.000000 0.000000 0.000000 82.349997 0.000000 1.000000 0.000000 0.000000 0.000000 0.000000 1.000000 0.000000 
1.000000 0.000000 0.000000 82.499997 0.000000 1.000000 0.000000 0.000000 0.000000 0.000000 1.000000 0.000000 
1.000000 0.000000 0.000000 82.649997 0.000000 1.000000 0.000000 0.000000 0.000000 0.000000 1.000000 0.000000 
1.000000 0.000000 0.000000 82.799997 0.000000 1.000000 0.000000 0.000000 0.000000 0.000000 1.000000 0.000000 
1.000000 0.000000 0.000000 82.949997 0.000000 1.000000 0.000000 0.000000 0.000000 0.000000 1.000000 0.000000 
1.000000 0.000000 0.000000 83.099997 0.000000 1.000000 0.000000 0.000000 0.000000 0.000000 1.000000 0.000000 
1.000000 0.000000 0.000000 83.249997 0.000000 1.000000 0.000000 0.000000 0.000000 0.000000 1.000000 0.000000 
1.000000 0.000000 0.000000 83.399997 0.000000 1.000000 0.000000 0.000000 0.000000 0.000000 1.000000 0.000000 
1.000000 0.000000 0.000000 83.549997 0.000000 1.000000 0.000000 0.000000 0.000000 0.000000 1.000000 0.000000 
1.000000 0.000000 0.000000 83.699997 0.000000 1.000000 0.000000 0.000000 0.000000 0.000000 1.000000 0.000000 
1.000000 0.000000 0.000000 83.849997 0.000000 1.000000 0.000000 0.000000 0.000000 0.000000 1.000000 0.000000 
1.000000 0.000000 0.000000 83.999997 0.000000 1.000000 0.000000 0.000000 0.000000 0.000000 1.000000 0.000000 
1.000000 0.000000 0.000000 84.149997 0.000000 1.000000 0.000000 0.000000 0.000000 0.000000 1.000000 0.000000 
1.000000 0.000000 0.000000 84.299997 0.000000 1.000000 0.000000 0.000000 0.000000 0.000000 1.000000 0.000000 
1.000000 0.000000 0.000000 84.449997 0.000000 1.000000 0.000000 0.000000 0.000000 0.000000 1.000000 0.000000 
1.000000 0.000000 0.000000 84.599997 0.000000 1.000000 0.000000 0.000000 0.000000 0.000000 1.000000 0.000000 
1.000000 0.000000 0.000000 84.749997 0.000000 1.000000 0.000000 0.000000 0.000000 0.000000 1.000000 0.000000 
1.000000 0.000000 0.000000 84.899997 0.000000 1.000000 0.000000 0.000000 0.000000 0.000000 1.000000 0.000000 
1.000000 0.000000 0.000000 85.049997 0.000000 1.000000 0.000000 0.000000 0.000000 0.000000 1.000000 0.000000 
1.000000 0.000000 0.000000 85.199997 0.000000 1.000000 0.000000 0.000000 0.000000 0.000000 1.000000 0.000000 
1.000000 0.000000 0.000000 85.349997 0.000000 1.000000 0.000000 0.000000 0.000000 0.000000 1.000000 0.000000 
1.000000 0.000000 0.000000 85.499997 0.000000 1.000000 0.000000 0.000000 0.000000 0.000000 1.000000 0.000000 
1.000000 0.000000 0.000000 85.649997 0.000000 1.000000 0.000000 0.000000 0.000000 0.000000 1.000000 0.000000 
1.000000 0.000000 0.000000 85.799997 0.000000 1.000000 0.000000 0.000000 0.000000 0.000000 1.000000 0.000000 
1.000000 0.000000 0.000000 85.949997 0.000000 1.000000 0.000000 0.000000 0.000000 0.000000 1.000000 0.000000 
1.000000 0.000000 0.000000 86.099997 0.000000 1.000000 0.000000 0.000000 0.000000 0.000000 1.000000 0.000000 
1.000000 0.000000 0.000000 86.249997 0.000000 1.000000 0.000000 0.000000 0.000000 0.000000 1.000000 0.000000 
1.000000 0.000000 0.000000 86.399997 0.000000 1.000000 0.000000 0.000000 0.000000 0.000000 1.000000 0.000000 
1.000000 0.000000 0.000000 86.549997 0.000000 1.000000 0.000000 0.000000 0.000000 0.000000 1.000000 0.000000 
1.000000 0.000000 0.000000 86.699997 0.000000 1.000000 0.000000 0.000000 0.000000 0.000000 1.000000 0.000000 
1.000000 0.000000 0.000000 86.849997 0.000000 1.000000 0.000000 0.000000 0.000000 0.000000 1.000000 0.000000 
1.000000 0.000000 0.000000 86.999997 0.000000 1.000000 0.000000 0.000000 0.000000 0.000000 1.000000 0.000000 
1.000000 0.000000 0.000000 87.149997 0.000000 1.000000 0.000000 0.000000 0.000000 0.000000 1.000000 0.000000 
1.000000 0.000000 0.000000 87.299997 0.000000 1.000000 0.000000 0.000000 0.000000 0.000000 1.000000 0.000000 
1.000000 0.000000 0.000000 87.449997 0.000000 1.000000 0.000000 0.000000 0.000000 0.000000 1.000000 0.000000 
1.000000 0.000000 0.000000 87.599997 0.000000 1.000000 0.000000 0.000000 0.000000 0.000000 1.000000 0.000000 
1.000000 0.000000 0.000000 87.749997 0.000000 1.000000 0.000000 0.000000 0.000000 0.000000 1.000000 0.000000 
1.000000 0.000000 0.000000 87.899997 0.000000 1.000000 0.000000 0.000000 0.000000 0.000000 1.000000 0.000000 
1.000000 0.000000 0.000000 88.049997 0.000000 1.000000 0.000000 0.000000 0.000000 0.000000 1.000000 0.000000 
1.000000 0.000000 0.000000 88.199997 0.000000 1.000000 0.000000 0.000000 0.000000 0.000000 1.000000 0.000000 
1.000000 0.000000 0.000000 88.349997 0.000000 1.000000 0.000000 0.000000 0.000000 0.000000 1.000000 0.000000 
1.000000 0.000000 0.000000 88.499997 0.000000 1.000000 0.000000 0.000000 0.000000 0.000000 1.000000 0.000000 
1.000000 0.000000 0.000000 88.649997 0.000000 1.000000 0.000000 0.000000 0.000000 0.000000 1.000000 0.000000 
1.000000 0.000000 0.000000 88.799997 0.000000 1.000000 0.000000 0.000000 0.000000 0.000000 1.000000 0.000000 
1.000000 0.000000 0.000000 88.949997 0.000000 1.000000 0.000000 0.000000 0.000000 0.000000 1.000000 0.000000 
1.000000 0.000000 0.000000 89.099997 0.000000 1.000000 0.000000 0.000000 0.000000 0.000000 1.000000 0.000000 
1.000000 0.000000 0.000000 89.249997 0.000000 1.000000 0.000000 0.000000 0.000000 0.000000 1.000000 0.000000 
1.000000 0.000000 0.000000 89.399997 0.000000 1.000000 0.000000 0.000000 0.000000 0.000000 1.000000 0.000000 
1.000000 0.000000 0.000000 89.549997 0.000000 1.000000 0.000000 0.000000 0.000000 0.000000 1.000000 0.000000 
1.000000 0.000000 0.000000 89.699997 0.000000 1.000000 0.000000 0.000000 0.000000 0.000000 1.000000 0.000000 
